57801.880862	0.000039	0.033814	0.002154
57801.880901	0.000039	0.031283	0.002471
57801.880940	0.000039	0.030025	0.002256
57801.880979	0.000039	0.030741	0.002335
57801.881018	0.000039	0.029807	0.002258
57801.881057	0.000039	0.027035	0.002315
57801.881096	0.000039	0.031842	0.002286
57801.881135	0.000039	0.024857	0.002352
57801.881174	0.000039	0.033040	0.002322
57801.881213	0.000039	0.038317	0.002471
57801.881251	0.000039	0.029718	0.002307
57801.881290	0.000039	0.031637	0.002315
57801.881329	0.000039	0.029638	0.002220
57801.881368	0.000039	0.034559	0.002386
57801.881407	0.000039	0.029437	0.002407
57801.881446	0.000039	0.034345	0.002283
57801.881485	0.000039	0.032370	0.002378
57801.881524	0.000039	0.034502	0.002188
57801.881563	0.000039	0.033137	0.002309
57801.881602	0.000039	0.033869	0.002279
57801.881641	0.000039	0.034399	0.002181
57801.881680	0.000039	0.030540	0.002218
57801.881719	0.000039	0.031607	0.002185
57801.881758	0.000039	0.033273	0.002322
57801.881797	0.000039	0.032964	0.002395
57801.881836	0.000039	0.032531	0.002226
57801.881875	0.000039	0.033957	0.002084
57801.881914	0.000039	0.035381	0.002158
57801.881953	0.000039	0.032491	0.002295
57801.881992	0.000039	0.035409	0.002394
57801.882031	0.000039	0.032480	0.002319
57801.882070	0.000039	0.028085	0.002102
57801.882109	0.000039	0.030376	0.002237
57801.882148	0.000039	0.032710	0.002295
57801.882187	0.000039	0.033862	0.002363
57801.882226	0.000039	0.030758	0.002565
57801.882265	0.000039	0.029754	0.002268
57801.882304	0.000039	0.031318	0.002365
57801.882343	0.000039	0.032548	0.002244
57801.882382	0.000039	0.030977	0.002395
57801.882421	0.000039	0.030866	0.002224
57801.882460	0.000039	0.029302	0.002303
57801.882499	0.000039	0.033242	0.002142
57801.882538	0.000039	0.032209	0.002166
57801.882577	0.000039	0.033267	0.002511
57801.882616	0.000039	0.034013	0.002383
57801.882655	0.000039	0.032156	0.002315
57801.882693	0.000039	0.027822	0.002266
57801.882732	0.000039	0.032237	0.002249
57801.882771	0.000039	0.029752	0.002510
57801.882810	0.000039	0.029901	0.002371
57801.882849	0.000039	0.034155	0.002223
57801.882888	0.000039	0.033582	0.002276
57801.882927	0.000039	0.030605	0.002323
57801.882966	0.000039	0.031866	0.002297
57801.883005	0.000039	0.032801	0.002292
57801.883044	0.000039	0.029942	0.002057
57801.883083	0.000039	0.031530	0.002181
57801.883122	0.000039	0.031104	0.002267
57801.883161	0.000039	0.034490	0.002395
57801.883200	0.000039	0.030168	0.002205
57801.883239	0.000039	0.033036	0.002328
57801.883278	0.000039	0.032247	0.002277
57801.883317	0.000039	0.032251	0.002232
57801.883356	0.000039	0.033501	0.002288
57801.883395	0.000039	0.032472	0.002342
57801.883434	0.000039	0.032287	0.002358
57801.883473	0.000039	0.033288	0.002348
57801.883512	0.000039	0.034777	0.002266
57801.883551	0.000039	0.025119	0.002190
57801.883590	0.000039	0.033215	0.002229
57801.883629	0.000039	0.036106	0.002225
57801.883668	0.000039	0.026770	0.002278
57801.883707	0.000039	0.035499	0.002273
57801.883746	0.000039	0.036308	0.002341
57801.883785	0.000039	0.029913	0.002154
57801.883824	0.000039	0.030934	0.002219
57801.883863	0.000039	0.032404	0.002222
57801.883902	0.000039	0.033396	0.002362
57801.883941	0.000039	0.038438	0.002438
57801.883980	0.000039	0.035842	0.002377
57801.884019	0.000039	0.033702	0.002095
57801.884058	0.000039	0.029070	0.001982
57801.884097	0.000039	0.032843	0.002056
57801.884135	0.000039	0.034385	0.002000
57801.884174	0.000039	0.034155	0.002066
57801.884213	0.000039	0.031686	0.002031
57801.884252	0.000039	0.030510	0.002126
57801.884291	0.000039	0.029988	0.002198
57801.884330	0.000039	0.035595	0.002127
57801.884369	0.000039	0.031040	0.001978
57801.884408	0.000039	0.031165	0.001968
57801.884447	0.000039	0.027262	0.001984
57801.884486	0.000039	0.035528	0.002093
57801.884525	0.000039	0.032614	0.002082
57801.884564	0.000039	0.026213	0.001974
57801.884603	0.000039	0.029230	0.001991
57801.884642	0.000039	0.031279	0.001904
57801.884681	0.000039	0.034083	0.002103
57801.884720	0.000039	0.027724	0.002095
57801.884759	0.000039	0.029132	0.002183
57801.884798	0.000039	0.032453	0.001937
57801.884837	0.000039	0.031582	0.001963
57801.884876	0.000039	0.030730	0.001908
57801.884915	0.000039	0.031047	0.001843
57801.884954	0.000039	0.032331	0.001893
57801.884993	0.000039	0.028059	0.001808
57801.885032	0.000039	0.028098	0.001951
57801.885071	0.000039	0.030042	0.001940
57801.885110	0.000039	0.030305	0.002046
57801.885149	0.000039	0.029596	0.001950
57801.885188	0.000039	0.031365	0.001899
57801.885227	0.000039	0.028984	0.001845
57801.885266	0.000039	0.031540	0.001919
57801.885305	0.000039	0.028011	0.002175
57801.885344	0.000039	0.032093	0.002175
57801.885383	0.000039	0.029239	0.001960
57801.885422	0.000039	0.033848	0.002069
57801.885461	0.000039	0.028069	0.001857
57801.885500	0.000039	0.032484	0.001895
57801.885539	0.000039	0.030944	0.001834
57801.885577	0.000039	0.027376	0.001824
57801.885616	0.000039	0.029196	0.001971
57801.885655	0.000039	0.033237	0.002027
57801.885694	0.000039	0.023407	0.001999
57801.885733	0.000039	0.029875	0.001904
57801.885772	0.000039	0.030743	0.001988
57801.885811	0.000039	0.028852	0.001796
57801.885850	0.000039	0.034869	0.001892
57801.885889	0.000039	0.033618	0.002007
57801.885928	0.000039	0.029733	0.001877
57801.885967	0.000039	0.031601	0.001979
57801.886006	0.000039	0.028552	0.001861
57801.886045	0.000039	0.027392	0.001934
57801.886084	0.000039	0.026795	0.001817
57801.886123	0.000039	0.033670	0.001901
57801.886162	0.000039	0.032611	0.002022
57801.886201	0.000039	0.035797	0.002026
57801.886240	0.000039	0.030852	0.001814
57801.886279	0.000039	0.027292	0.002195
57801.886318	0.000039	0.025104	0.001975
57801.886357	0.000039	0.031996	0.001981
57801.886396	0.000039	0.032512	0.001974
57801.886435	0.000039	0.030224	0.001797
57801.886474	0.000039	0.028600	0.001862
57801.886513	0.000039	0.028943	0.001843
57801.886552	0.000039	0.034079	0.002033
57801.886591	0.000039	0.033044	0.001849
57801.886630	0.000039	0.029691	0.001815
57801.886669	0.000039	0.027768	0.001918
57801.886708	0.000039	0.023567	0.001904
57801.886747	0.000039	0.033528	0.002054
57801.886786	0.000039	0.028922	0.002059
57801.886825	0.000039	0.034128	0.002038
57801.886864	0.000039	0.028881	0.001998
57801.886903	0.000039	0.030431	0.002031
57801.886942	0.000039	0.027680	0.001818
57801.886981	0.000039	0.032366	0.001820
57801.887019	0.000039	0.026626	0.001864
57801.887058	0.000039	0.032074	0.001940
57801.887097	0.000039	0.030816	0.001885
57801.887136	0.000039	0.032138	0.001901
57801.887175	0.000039	0.028828	0.001837
57801.887214	0.000039	0.027191	0.001811
57801.887253	0.000039	0.030978	0.001995
57801.887292	0.000039	0.027946	0.001800
57801.887331	0.000039	0.029383	0.001899
57801.887370	0.000039	0.026772	0.001985
57801.887409	0.000039	0.032207	0.001936
57801.887448	0.000039	0.032256	0.001884
57801.887487	0.000039	0.027450	0.001806
57801.887526	0.000039	0.034110	0.002058
57801.887565	0.000039	0.030157	0.001971
57801.887604	0.000039	0.035413	0.001955
57801.887643	0.000039	0.030308	0.001941
57801.887682	0.000039	0.028616	0.001861
57801.887721	0.000039	0.031678	0.001925
57801.887760	0.000039	0.023542	0.001758
57801.887799	0.000039	0.030419	0.001839
57801.887838	0.000039	0.032338	0.001899
57801.887877	0.000039	0.029644	0.001828
57801.887916	0.000039	0.031536	0.001994
57801.887955	0.000039	0.032179	0.001957
57801.887994	0.000039	0.032664	0.002052
57801.888033	0.000039	0.029449	0.001932
57801.888072	0.000039	0.029562	0.001919
57801.888111	0.000039	0.030389	0.001907
57801.888150	0.000039	0.026368	0.001890
57801.888189	0.000039	0.030074	0.001839
57801.888228	0.000039	0.032320	0.001900
57801.888267	0.000039	0.030554	0.001917
57801.888306	0.000039	0.034860	0.002084
57801.888345	0.000039	0.030898	0.001969
57801.888384	0.000039	0.028059	0.002044
57801.888423	0.000039	0.030105	0.001944
57801.888461	0.000039	0.027794	0.001896
57801.888500	0.000039	0.030974	0.001952
57801.888539	0.000039	0.029387	0.001965
57801.888578	0.000039	0.026336	0.001998
57801.888617	0.000039	0.028764	0.001873
57801.888656	0.000039	0.031253	0.001864
57801.888695	0.000039	0.029574	0.001956
57801.888734	0.000039	0.028760	0.001929
57801.888773	0.000039	0.026579	0.001956
57801.888812	0.000039	0.032865	0.002123
57801.888851	0.000039	0.025082	0.002074
57801.888890	0.000039	0.027964	0.001950
57801.888929	0.000039	0.025657	0.001954
57801.888968	0.000039	0.029485	0.001995
57801.889007	0.000039	0.026686	0.002053
57801.889046	0.000039	0.031302	0.002142
57801.889085	0.000039	0.023815	0.002056
57801.889124	0.000039	0.028796	0.001975
57801.889163	0.000039	0.026437	0.001864
57801.889202	0.000039	0.030415	0.002033
57801.889241	0.000039	0.026473	0.001971
57801.889280	0.000039	0.026112	0.002086
57801.889319	0.000039	0.029003	0.002101
57801.889358	0.000039	0.029761	0.002045
57801.889397	0.000039	0.024550	0.001996
57801.889436	0.000039	0.026714	0.001889
57801.889475	0.000039	0.029275	0.001907
57801.889514	0.000039	0.031776	0.001953
57801.889553	0.000039	0.027045	0.002040
57801.889592	0.000039	0.025382	0.001991
57801.889631	0.000039	0.026945	0.001984
57801.889670	0.000039	0.025481	0.002022
57801.889709	0.000039	0.025163	0.002067
57801.889748	0.000039	0.027414	0.001939
57801.889787	0.000039	0.024954	0.001890
57801.889826	0.000039	0.027464	0.001981
57801.889865	0.000039	0.031039	0.002002
57801.889903	0.000039	0.026787	0.002014
57801.889942	0.000039	0.031043	0.001965
57801.889981	0.000039	0.026086	0.002008
57801.890020	0.000039	0.032297	0.002026
57801.890059	0.000039	0.024035	0.001835
57801.890098	0.000039	0.026670	0.001827
57801.890137	0.000039	0.025875	0.001910
57801.890176	0.000039	0.028442	0.002193
57801.890215	0.000039	0.025390	0.002165
57801.890254	0.000039	0.027351	0.002177
57801.890293	0.000039	0.027406	0.002026
57801.890332	0.000039	0.029355	0.001946
57801.890371	0.000039	0.030999	0.002087
57801.890410	0.000039	0.026330	0.002033
57801.890449	0.000039	0.029871	0.001926
57801.890488	0.000039	0.026797	0.001934
57801.890527	0.000039	0.030018	0.001940
57801.890566	0.000039	0.026679	0.001868
57801.890605	0.000039	0.025619	0.001877
57801.890644	0.000039	0.029411	0.002048
57801.890683	0.000039	0.031350	0.002155
57801.890722	0.000039	0.027897	0.002059
57801.890761	0.000039	0.028277	0.002161
57801.890800	0.000039	0.028520	0.002174
57801.890839	0.000039	0.028210	0.002065
57801.890878	0.000039	0.029736	0.002180
57801.890917	0.000039	0.031487	0.002181
57801.890956	0.000039	0.027983	0.002214
57801.890995	0.000039	0.030460	0.002054
57801.891034	0.000039	0.032385	0.002361
57801.891073	0.000039	0.029324	0.002124
57801.891112	0.000039	0.034609	0.002380
57801.891151	0.000039	0.033510	0.002218
57801.891190	0.000039	0.027024	0.002097
57801.891229	0.000039	0.033206	0.002004
57801.891268	0.000039	0.032562	0.001963
57801.891307	0.000039	0.030983	0.002020
57801.891345	0.000039	0.027678	0.002008
57801.891384	0.000039	0.030587	0.001975
57801.891423	0.000039	0.030553	0.002094
57801.891462	0.000039	0.032638	0.002065
57801.891501	0.000039	0.030218	0.002052
57801.891540	0.000039	0.030799	0.002119
57801.891579	0.000039	0.028951	0.001896
57801.891618	0.000039	0.030000	0.002018
57801.891657	0.000039	0.028879	0.002110
57801.891696	0.000039	0.031436	0.002145
57801.891735	0.000039	0.028335	0.002010
57801.891774	0.000039	0.033832	0.002057
57801.891813	0.000039	0.029506	0.001955
57801.891852	0.000039	0.032083	0.002104
57801.891891	0.000039	0.029584	0.002059
57801.891930	0.000039	0.035714	0.002178
57801.891969	0.000039	0.029209	0.001953
57801.892008	0.000039	0.031443	0.001997
57801.892047	0.000039	0.033888	0.002134
57801.892086	0.000039	0.033627	0.002045
57801.892125	0.000039	0.033881	0.002092
57801.892164	0.000039	0.030452	0.002081
57801.892203	0.000039	0.033656	0.002034
57801.892242	0.000039	0.029606	0.002000
57801.892281	0.000039	0.033936	0.002112
57801.892320	0.000039	0.033935	0.002014
57801.892359	0.000039	0.031762	0.001991
57801.892398	0.000039	0.035552	0.002121
57801.892437	0.000039	0.036580	0.002148
57801.892476	0.000039	0.030845	0.002100
57801.892515	0.000039	0.032293	0.002086
57801.892554	0.000039	0.029642	0.002009
57801.892593	0.000039	0.035015	0.001929
57801.892632	0.000039	0.032073	0.002027
57801.892671	0.000039	0.032715	0.002152
57801.892710	0.000039	0.030792	0.002040
57801.892749	0.000039	0.030056	0.002143
57801.892787	0.000039	0.031097	0.002048
57801.892826	0.000039	0.034277	0.002183
57801.892865	0.000039	0.027150	0.002174
57801.892904	0.000039	0.034466	0.002404
57801.892943	0.000039	0.033731	0.002184
57801.892982	0.000039	0.033190	0.002012
57801.893021	0.000039	0.036261	0.002017
57801.893060	0.000039	0.031874	0.002034
57801.893099	0.000039	0.035780	0.002235
57801.893138	0.000039	0.029047	0.002037
57801.893177	0.000039	0.035675	0.002011
57801.893216	0.000039	0.029994	0.002036
57801.893255	0.000039	0.032750	0.002292
57801.893294	0.000039	0.035352	0.002304
57801.893333	0.000039	0.033367	0.002053
57801.893372	0.000039	0.034991	0.002056
57801.893411	0.000039	0.034447	0.002110
57801.893450	0.000039	0.036195	0.002017
57801.893489	0.000039	0.032871	0.002044
57801.893528	0.000039	0.033513	0.002067
57801.893567	0.000039	0.031856	0.001880
57801.893606	0.000039	0.031859	0.002117
57801.893645	0.000039	0.028970	0.002109
57801.893684	0.000039	0.030028	0.002038
57801.893723	0.000039	0.034690	0.002096
57801.893762	0.000039	0.037400	0.002081
57801.893801	0.000039	0.034439	0.002205
57801.893840	0.000039	0.033432	0.002084
57801.893879	0.000039	0.034036	0.002102
57801.893918	0.000039	0.031958	0.002177
57801.893957	0.000039	0.029425	0.001997
57801.893996	0.000039	0.036507	0.002121
57801.894035	0.000039	0.030477	0.002020
57801.894074	0.000039	0.033420	0.002099
57801.894113	0.000039	0.028730	0.002066
57801.894152	0.000039	0.038977	0.002125
57801.894191	0.000039	0.032170	0.001963
57801.894229	0.000039	0.034037	0.002138
57801.894268	0.000039	0.033018	0.002078
57801.894307	0.000039	0.032750	0.002140
57801.894346	0.000039	0.032093	0.001984
57801.894385	0.000039	0.035554	0.002059
57801.894424	0.000039	0.028879	0.002050
57801.894463	0.000039	0.035007	0.002211
57801.894502	0.000039	0.032892	0.002171
57801.894541	0.000039	0.026932	0.002040
57801.894580	0.000039	0.036855	0.002189
57801.894619	0.000039	0.036011	0.002240
57801.894658	0.000039	0.040934	0.002382
57801.894697	0.000039	0.035926	0.002249
57801.894736	0.000039	0.037485	0.002174
57801.894775	0.000039	0.037102	0.002184
57801.894814	0.000039	0.033757	0.001997
57801.894853	0.000039	0.030592	0.002179
57801.894892	0.000039	0.038181	0.002338
57801.894931	0.000039	0.033094	0.002027
57801.894970	0.000039	0.038827	0.002127
57801.895009	0.000039	0.033259	0.002133
57801.895048	0.000039	0.034238	0.002070
57801.895087	0.000039	0.039544	0.002222
57801.895126	0.000039	0.032986	0.002238
57801.895165	0.000039	0.035493	0.002244
57801.895204	0.000039	0.038573	0.002455
57801.895243	0.000039	0.035714	0.002458
57801.895282	0.000039	0.033900	0.002375
57801.895321	0.000039	0.036681	0.002317
57801.895360	0.000039	0.037006	0.002185
57801.895399	0.000039	0.035818	0.002339
57801.895438	0.000039	0.036470	0.002558
57801.895477	0.000039	0.028739	0.002147
57801.895516	0.000039	0.026919	0.002117
57801.895555	0.000039	0.030800	0.002170
57801.895594	0.000039	0.032578	0.002255
57801.895633	0.000039	0.035268	0.002368
57801.895671	0.000039	0.032715	0.002223
57801.895710	0.000039	0.026915	0.002331
57801.895749	0.000039	0.032479	0.002289
57801.895788	0.000039	0.030334	0.002181
57801.895827	0.000039	0.032046	0.002257
57801.895866	0.000039	0.024809	0.002039
57801.895905	0.000039	0.035154	0.002093
57801.895944	0.000039	0.027924	0.002207
57801.895983	0.000039	0.030957	0.002238
57801.896022	0.000039	0.029706	0.002167
57801.896061	0.000039	0.029713	0.002194
57801.896100	0.000039	0.031501	0.002130
57801.896139	0.000039	0.028686	0.002134
57801.896178	0.000039	0.034157	0.002239
57801.896217	0.000039	0.026655	0.001929
57801.896256	0.000039	0.026264	0.001948
57801.896295	0.000039	0.030048	0.002063
57801.896334	0.000039	0.030948	0.002017
57801.896373	0.000039	0.031152	0.002101
57801.896412	0.000039	0.033133	0.002039
57801.896451	0.000039	0.029365	0.002112
57801.896490	0.000039	0.030170	0.002089
57801.896529	0.000039	0.029348	0.002009
57801.896568	0.000039	0.027347	0.002076
57801.896607	0.000039	0.026047	0.002096
57801.896646	0.000039	0.026022	0.001962
57801.896685	0.000039	0.030537	0.002057
57801.896724	0.000039	0.030168	0.002281
57801.896763	0.000039	0.030980	0.002235
57801.896802	0.000039	0.031585	0.002235
57801.896841	0.000039	0.031692	0.002330
57801.896880	0.000039	0.031043	0.002216
57801.896919	0.000039	0.030478	0.002328
57801.896958	0.000039	0.029412	0.002420
57801.896997	0.000039	0.032295	0.002319
57801.897036	0.000039	0.030011	0.002302
57801.897075	0.000039	0.029839	0.002189
57801.897113	0.000039	0.027535	0.001972
57801.897152	0.000039	0.028440	0.002111
57801.897191	0.000039	0.028916	0.002044
57801.897230	0.000039	0.033025	0.002039
57801.897269	0.000039	0.034805	0.002195
57801.897308	0.000039	0.028535	0.002155
57801.897347	0.000039	0.027355	0.002201
57801.897386	0.000039	0.027363	0.002195
57801.897425	0.000039	0.027864	0.002174
57801.897464	0.000039	0.029970	0.002251
57801.897503	0.000039	0.028182	0.002264
57801.897542	0.000039	0.024112	0.002386
57801.897581	0.000039	0.028695	0.002360
57801.897620	0.000039	0.028182	0.002282
57801.897659	0.000039	0.026611	0.002194
57801.897698	0.000039	0.024875	0.002302
57801.897737	0.000039	0.023244	0.002089
57801.897776	0.000039	0.027081	0.002079
57801.897815	0.000039	0.027506	0.002030
57801.897854	0.000039	0.029149	0.002115
57801.897893	0.000039	0.026962	0.002146
57801.897932	0.000039	0.025119	0.002228
57801.897971	0.000039	0.026583	0.002153
57801.898010	0.000039	0.026956	0.002116
57801.898049	0.000039	0.026704	0.002075
57801.898088	0.000039	0.024315	0.002114
57801.898127	0.000039	0.023249	0.002128
57801.898166	0.000039	0.027683	0.002251
57801.898205	0.000039	0.028649	0.002299
57801.898244	0.000039	0.028006	0.002268
57801.898283	0.000039	0.026421	0.002425
57801.898322	0.000039	0.024290	0.002239
57801.898361	0.000039	0.027308	0.002170
57801.898400	0.000039	0.026643	0.002137
57801.898439	0.000039	0.025789	0.002187
57801.898478	0.000039	0.030604	0.002256
57801.898517	0.000039	0.025208	0.002242
57801.898555	0.000039	0.028749	0.002410
57801.898594	0.000039	0.028784	0.002492
57801.898633	0.000039	0.022910	0.002369
57801.898672	0.000039	0.029311	0.002797
57801.898711	0.000039	0.028882	0.002626
57801.898750	0.000039	0.026860	0.002405
57801.898789	0.000039	0.026146	0.002241
57801.898828	0.000039	0.026895	0.002337
57801.898867	0.000039	0.024080	0.002214
57801.898906	0.000039	0.028143	0.002120
57801.898945	0.000039	0.029104	0.002186
57801.898984	0.000039	0.031327	0.002180
57801.899023	0.000039	0.024118	0.002354
57801.899062	0.000039	0.024321	0.002447
57801.899101	0.000039	0.026973	0.002297
57801.899140	0.000039	0.028549	0.002297
57801.899179	0.000039	0.029907	0.002357
57801.899218	0.000039	0.029525	0.002195
57801.899257	0.000039	0.023706	0.002224
57801.899296	0.000039	0.025155	0.002265
57801.899335	0.000039	0.029254	0.002399
57801.899374	0.000039	0.022443	0.002245
57801.899413	0.000039	0.025780	0.002262
57801.899452	0.000039	0.025490	0.002316
57801.899491	0.000039	0.028940	0.002478
57801.899530	0.000039	0.026436	0.002425
57801.899569	0.000039	0.029734	0.002260
57801.899608	0.000039	0.025888	0.002412
57801.899647	0.000039	0.021603	0.002384
57801.899686	0.000039	0.026250	0.002450
57801.899725	0.000039	0.023297	0.002399
57801.899764	0.000039	0.027605	0.002854
57801.899803	0.000039	0.029157	0.002427
57801.899842	0.000039	0.024646	0.002374
57801.899881	0.000039	0.026608	0.002692
57801.899920	0.000039	0.028314	0.002593
57801.899959	0.000039	0.025120	0.002451
57801.899997	0.000039	0.025363	0.002377
57801.900036	0.000039	0.027131	0.002431
57801.900075	0.000039	0.030422	0.002547
57801.900114	0.000039	0.029101	0.002431
57801.900153	0.000039	0.026565	0.002434
57801.900192	0.000039	0.031697	0.002253
57801.900231	0.000039	0.025854	0.002263
57801.900270	0.000039	0.027537	0.002308
57801.900309	0.000039	0.028286	0.002249
57801.900348	0.000039	0.027433	0.002270
57801.900387	0.000039	0.026526	0.002353
57801.900426	0.000039	0.024062	0.002411
57801.900465	0.000039	0.029504	0.002185
57801.900504	0.000039	0.027676	0.002216
57801.900543	0.000039	0.023815	0.002342
57801.900582	0.000039	0.028862	0.002313
57801.900621	0.000039	0.033327	0.002526
57801.900660	0.000039	0.027156	0.002395
57801.900699	0.000039	0.028129	0.002232
57801.900738	0.000039	0.028192	0.002354
57801.900777	0.000039	0.026997	0.002187
57801.900816	0.000039	0.031324	0.002153
57801.900855	0.000039	0.022537	0.002135
57801.900894	0.000039	0.032690	0.002319
57801.900933	0.000039	0.027562	0.002304
57801.900972	0.000039	0.030010	0.002188
57801.901011	0.000039	0.027034	0.002286
57801.901050	0.000039	0.030076	0.002340
57801.901089	0.000039	0.028860	0.002270
57801.901128	0.000039	0.028897	0.002235
57801.901167	0.000039	0.029955	0.002120
57801.901206	0.000039	0.033512	0.002295
57801.901245	0.000039	0.026142	0.002288
57801.901284	0.000039	0.030486	0.002216
57801.901323	0.000039	0.032173	0.002193
57801.901362	0.000039	0.028065	0.002240
57801.901401	0.000039	0.026260	0.002229
57801.901439	0.000039	0.031839	0.002465
57801.901478	0.000039	0.032460	0.002299
57801.901517	0.000039	0.027624	0.002188
57801.901556	0.000039	0.029560	0.002165
57801.901595	0.000039	0.031779	0.002145
57801.901634	0.000039	0.029009	0.002109
57801.901673	0.000039	0.029698	0.002285
57801.901712	0.000039	0.028127	0.002018
57801.901751	0.000039	0.026192	0.002233
57801.901790	0.000039	0.034351	0.002181
57801.901829	0.000039	0.027026	0.002183
57801.901868	0.000039	0.028439	0.002244
57801.901907	0.000039	0.029624	0.002356
57801.901946	0.000039	0.030315	0.002240
57801.901985	0.000039	0.027887	0.002262
57801.902024	0.000039	0.032168	0.002347
57801.902063	0.000039	0.024746	0.002267
57801.902102	0.000039	0.028851	0.002102
57801.902141	0.000039	0.030188	0.002437
57801.902180	0.000039	0.030290	0.002314
57801.902219	0.000039	0.028635	0.002335
57801.902258	0.000039	0.025490	0.002506
57801.902297	0.000039	0.025922	0.002311
57801.902336	0.000039	0.023382	0.002155
57801.902375	0.000039	0.028945	0.002238
57801.902414	0.000039	0.028716	0.002284
57801.902453	0.000039	0.030358	0.002302
57801.902492	0.000039	0.026561	0.002153
57801.902531	0.000039	0.026152	0.002323
57801.902570	0.000039	0.028484	0.002225
57801.902609	0.000039	0.026643	0.002156
57801.902648	0.000039	0.028730	0.002141
57801.902687	0.000039	0.029547	0.002215
57801.902726	0.000039	0.024198	0.002305
57801.902765	0.000039	0.027237	0.002289
57801.902804	0.000039	0.024291	0.002162
57801.902843	0.000039	0.031324	0.002389
57801.902881	0.000039	0.027245	0.002280
57801.902920	0.000039	0.030357	0.002429
57801.902959	0.000039	0.030074	0.002211
57801.902998	0.000039	0.030787	0.002299
57801.903037	0.000039	0.028678	0.002131
57801.903076	0.000039	0.025939	0.002388
57801.903115	0.000039	0.028897	0.002289
57801.903154	0.000039	0.030622	0.002175
57801.903193	0.000039	0.025277	0.002295
57801.903232	0.000039	0.025515	0.002226
57801.903271	0.000039	0.025364	0.002309
57801.903310	0.000039	0.027017	0.002340
57801.903349	0.000039	0.027514	0.002183
57801.903388	0.000039	0.024776	0.002100
57801.903427	0.000039	0.023038	0.002215
57801.903466	0.000039	0.025061	0.002434
57801.903505	0.000039	0.028734	0.002150
57801.903544	0.000039	0.025909	0.002219
57801.903583	0.000039	0.029290	0.002386
57801.903622	0.000039	0.025701	0.002389
57801.903661	0.000039	0.029235	0.002320
57801.903700	0.000039	0.027714	0.002372
57801.903739	0.000039	0.025518	0.002269
57801.903778	0.000039	0.024266	0.002361
57801.903817	0.000039	0.027796	0.002361
57801.903856	0.000039	0.027207	0.002424
57801.903895	0.000039	0.029050	0.002453
57801.903934	0.000039	0.027703	0.002402
57801.903973	0.000039	0.030066	0.002344
57801.904012	0.000039	0.025667	0.002083
57801.904051	0.000039	0.023390	0.002214
57801.904090	0.000039	0.031219	0.002254
57801.904129	0.000039	0.031123	0.002354
57801.904168	0.000039	0.031163	0.002121
57801.904207	0.000039	0.023489	0.002092
57801.904246	0.000039	0.026803	0.002134
57801.904285	0.000039	0.028816	0.002148
57801.904323	0.000039	0.025803	0.002158
57801.904362	0.000039	0.028205	0.002184
57801.904401	0.000039	0.024848	0.002174
57801.904440	0.000039	0.028881	0.002226
57801.904479	0.000039	0.026663	0.002312
57801.904518	0.000039	0.023244	0.002140
57801.904557	0.000039	0.020401	0.002125
57801.904596	0.000039	0.025481	0.002375
57801.904635	0.000039	0.025562	0.002231
57801.904674	0.000039	0.025978	0.002300
57801.904713	0.000039	0.020767	0.002474
57801.904752	0.000039	0.028308	0.002241
57801.904791	0.000039	0.027250	0.002444
57801.904830	0.000039	0.033765	0.002343
57801.904869	0.000039	0.022110	0.002238
57801.904908	0.000039	0.021153	0.002166
57801.904947	0.000039	0.025162	0.002252
57801.904986	0.000039	0.027390	0.002196
57801.905025	0.000039	0.022504	0.002322
57801.905064	0.000039	0.028348	0.002317
57801.905103	0.000039	0.026206	0.002166
57801.905142	0.000039	0.027851	0.002326
57801.905181	0.000039	0.026456	0.002341
57801.905220	0.000039	0.030116	0.002324
57801.905259	0.000039	0.019884	0.002180
57801.905298	0.000039	0.023581	0.002178
57801.905337	0.000039	0.021927	0.002208
57801.905376	0.000039	0.026137	0.002244
57801.905415	0.000039	0.022398	0.002283
57801.905454	0.000039	0.024804	0.002277
57801.905493	0.000039	0.029340	0.002491
57801.905532	0.000039	0.026840	0.002426
57801.905571	0.000039	0.024352	0.002541
57801.905610	0.000039	0.022759	0.002290
57801.905649	0.000039	0.028426	0.002294
57801.905688	0.000039	0.024678	0.002230
57801.905727	0.000039	0.025978	0.002029
57801.905765	0.000039	0.025541	0.002175
57801.905804	0.000039	0.023640	0.002187
57801.905843	0.000039	0.023311	0.002069
57801.905882	0.000039	0.026696	0.002133
57801.905921	0.000039	0.024775	0.002212
57801.905960	0.000039	0.018953	0.002136
57801.905999	0.000039	0.023881	0.002139
57801.906038	0.000039	0.027495	0.002280
57801.906077	0.000039	0.029627	0.002526
57801.906116	0.000039	0.020533	0.002167
57801.906155	0.000039	0.027329	0.002200
57801.906194	0.000039	0.023857	0.002050
57801.906233	0.000039	0.018045	0.001967
57801.906272	0.000039	0.020834	0.002262
57801.906311	0.000039	0.023338	0.002107
57801.906350	0.000039	0.023988	0.002106
57801.906389	0.000039	0.025160	0.002152
57801.906428	0.000039	0.024056	0.002240
57801.906467	0.000039	0.021867	0.002216
57801.906506	0.000039	0.022174	0.002099
57801.906545	0.000039	0.027478	0.002149
57801.906584	0.000039	0.027114	0.002186
57801.906623	0.000039	0.020412	0.002100
57801.906662	0.000039	0.023324	0.002226
57801.906701	0.000039	0.025124	0.002123
57801.906740	0.000039	0.024259	0.002221
57801.906779	0.000039	0.025773	0.002236
57801.906818	0.000039	0.022695	0.002222
57801.906857	0.000039	0.020076	0.002377
57801.906896	0.000039	0.022340	0.002177
57801.906935	0.000039	0.021961	0.002206
57801.906974	0.000039	0.024053	0.002272
57801.907013	0.000039	0.024302	0.002108
57801.907052	0.000039	0.025862	0.002387
57801.907091	0.000039	0.021033	0.002273
57801.907130	0.000039	0.021661	0.002107
57801.907169	0.000039	0.025428	0.002234
57801.907207	0.000039	0.020765	0.002157
57801.907246	0.000039	0.018937	0.002102
57801.907285	0.000039	0.021672	0.002213
57801.907324	0.000039	0.025347	0.002188
57801.907363	0.000039	0.027066	0.002249
57801.907402	0.000039	0.026289	0.002155
57801.907441	0.000039	0.020862	0.002255
57801.907480	0.000039	0.024232	0.002135
57801.907519	0.000039	0.021199	0.002154
57801.907558	0.000039	0.019731	0.002262
57801.907597	0.000039	0.020260	0.002132
57801.907636	0.000039	0.023679	0.002399
57801.907675	0.000039	0.021647	0.002308
57801.907714	0.000039	0.026891	0.002148
57801.907753	0.000039	0.022637	0.002312
57801.907792	0.000039	0.024538	0.002245
57801.907831	0.000039	0.022854	0.002283
57801.907870	0.000039	0.024208	0.002244
57801.907909	0.000039	0.026224	0.002004
57801.907948	0.000039	0.023918	0.002114
57801.907987	0.000039	0.022212	0.002084
57801.908026	0.000039	0.024065	0.002151
57801.908065	0.000039	0.023702	0.002110
57801.908104	0.000039	0.021758	0.002134
57801.908143	0.000039	0.021635	0.002074
57801.908182	0.000039	0.023668	0.002253
57801.908221	0.000039	0.024616	0.002242
57801.908260	0.000039	0.021308	0.002264
57801.908299	0.000039	0.021603	0.002193
57801.908338	0.000039	0.024382	0.002197
57801.908377	0.000039	0.027878	0.002426
57801.908416	0.000039	0.020987	0.002200
57801.908455	0.000039	0.020155	0.002268
57801.908494	0.000039	0.030959	0.002285
57801.908533	0.000039	0.022930	0.002000
57801.908572	0.000039	0.024529	0.002195
57801.908611	0.000039	0.022169	0.002112
57801.908649	0.000039	0.023514	0.002215
57801.908688	0.000039	0.023234	0.002230
57801.908727	0.000039	0.021423	0.002209
57801.908766	0.000039	0.030655	0.002476
57801.908805	0.000039	0.026443	0.002156
57801.908844	0.000039	0.023564	0.002262
57801.908883	0.000039	0.022430	0.002382
57801.908922	0.000039	0.028550	0.002118
57801.908961	0.000039	0.022703	0.002017
57801.909000	0.000039	0.025628	0.002090
57801.909039	0.000039	0.021883	0.002152
57801.909078	0.000039	0.022251	0.002064
57801.909117	0.000039	0.020224	0.002084
57801.909156	0.000039	0.020853	0.002172
57801.909195	0.000039	0.022885	0.002275
57801.909234	0.000039	0.021902	0.002182
57801.909273	0.000039	0.020359	0.002062
57801.909312	0.000039	0.026078	0.002132
57801.909351	0.000039	0.024774	0.002317
57801.909390	0.000039	0.022595	0.002341
57801.909429	0.000039	0.021376	0.001983
57801.909468	0.000039	0.021769	0.002152
57801.909507	0.000039	0.020585	0.002467
57801.909546	0.000039	0.024030	0.002255
57801.909585	0.000039	0.018384	0.002280
57801.909624	0.000039	0.022631	0.002190
57801.909663	0.000039	0.023303	0.002195
57801.909702	0.000039	0.024814	0.002295
57801.909741	0.000039	0.022319	0.002286
57801.909780	0.000039	0.027889	0.002214
57801.909819	0.000039	0.023877	0.002106
57801.909858	0.000039	0.027302	0.002253
57801.909897	0.000039	0.026505	0.002389
57801.909936	0.000039	0.023630	0.002268
57801.909975	0.000039	0.024642	0.002100
57801.910014	0.000039	0.022021	0.002285
57801.910053	0.000039	0.021787	0.002187
57801.910091	0.000039	0.021682	0.002094
57801.910130	0.000039	0.027702	0.002209
57801.910169	0.000039	0.020964	0.002324
57801.910208	0.000039	0.019353	0.002205
57801.910247	0.000039	0.022256	0.002529
57801.910286	0.000039	0.026801	0.002351
57801.910325	0.000039	0.025502	0.002346
57801.910364	0.000039	0.021251	0.002645
57801.910403	0.000039	0.022871	0.002138
57801.910442	0.000039	0.025068	0.002219
57801.910481	0.000039	0.022731	0.002041
57801.910520	0.000039	0.023880	0.002145
57801.910559	0.000039	0.027918	0.002192
57801.910598	0.000039	0.026133	0.002207
57801.910637	0.000039	0.024360	0.002127
57801.910676	0.000039	0.025295	0.002221
57801.910715	0.000039	0.024647	0.002120
57801.910754	0.000039	0.024535	0.002169
57801.910793	0.000039	0.024946	0.001974
57801.910832	0.000039	0.025956	0.002147
57801.910871	0.000039	0.022789	0.002079
57801.910910	0.000039	0.025464	0.002123
57801.910949	0.000039	0.025809	0.002103
57801.910988	0.000039	0.024060	0.002021
57801.911027	0.000039	0.021810	0.001998
57801.911066	0.000039	0.024002	0.002003
57801.911105	0.000039	0.022914	0.002141
57801.911144	0.000039	0.022243	0.002101
57801.911183	0.000039	0.024431	0.002215
57801.911222	0.000039	0.024206	0.002196
57801.911261	0.000039	0.022582	0.002247
57801.911300	0.000039	0.030405	0.002275
57801.911339	0.000039	0.027178	0.002266
57801.911378	0.000039	0.025457	0.002103
57801.911417	0.000039	0.025333	0.002063
57801.911456	0.000039	0.022442	0.002110
57801.911495	0.000039	0.026347	0.002119
57801.911533	0.000039	0.022628	0.002055
57801.911572	0.000039	0.030408	0.002277
57801.911611	0.000039	0.028733	0.002225
57801.911650	0.000039	0.026752	0.002389
57801.911689	0.000039	0.026812	0.002274
57801.911728	0.000039	0.023235	0.002200
57801.911767	0.000039	0.022036	0.002082
57801.911806	0.000039	0.025576	0.002146
57801.911845	0.000039	0.027434	0.002024
57801.911884	0.000039	0.026018	0.002078
57801.911923	0.000039	0.023085	0.002119
57801.911962	0.000039	0.021272	0.001974
57801.912001	0.000039	0.025187	0.002223
57801.912040	0.000039	0.023084	0.002140
57801.912079	0.000039	0.022165	0.002237
57801.912118	0.000039	0.021667	0.002267
57801.912157	0.000039	0.022635	0.002358
57801.912196	0.000039	0.022825	0.002296
57801.912235	0.000039	0.017137	0.002163
57801.912274	0.000039	0.013876	0.002157
57801.912313	0.000039	0.012643	0.002105
57801.912352	0.000039	0.014813	0.002263
57801.912391	0.000039	0.010981	0.002278
57801.912430	0.000039	0.007391	0.002254
57801.912469	0.000039	0.002987	0.002200
57801.912508	0.000039	0.002651	0.002099
57801.912547	0.000039	0.002756	0.001861
57801.912586	0.000039	0.003629	0.002025
57801.912625	0.000039	0.000077	0.002101
57801.912664	0.000039	0.002406	0.002082
57801.912703	0.000039	0.002053	0.002214
57801.912742	0.000039	0.004848	0.002320
57801.912781	0.000039	0.001625	0.002252
57801.912820	0.000039	0.002750	0.002139
57801.912859	0.000039	0.003610	0.002065
57801.912898	0.000039	0.003247	0.002110
57801.912937	0.000039	-0.000172	-0.002094
57801.912975	0.000039	0.004601	0.002266
57801.913014	0.000039	0.003277	0.002174
57801.913053	0.000039	-0.000656	-0.002211
57801.913092	0.000039	0.002295	0.002208
57801.913131	0.000039	0.002662	0.002314
57801.913170	0.000039	-0.000930	-0.002212
57801.913209	0.000039	0.001219	0.002184
57801.913248	0.000039	-0.000218	-0.002178
57801.913287	0.000039	0.002285	0.002145
57801.913326	0.000039	0.000936	0.002354
57801.913365	0.000039	0.002702	0.002506
57801.913404	0.000039	0.004475	0.002238
57801.913443	0.000039	0.004191	0.002066
57801.913482	0.000039	-0.000213	-0.002156
57801.913521	0.000039	0.001503	0.002096
57801.913560	0.000039	-0.000699	-0.002033
57801.913599	0.000039	0.001142	0.002129
57801.913638	0.000039	0.000075	0.002083
57801.913677	0.000039	-0.001933	-0.002229
57801.913716	0.000039	0.002573	0.001979
57801.913755	0.000039	0.003728	0.002042
57801.913794	0.000039	0.000531	0.001888
57801.913833	0.000039	-0.000618	-0.001995
57801.913872	0.000039	0.000948	0.001942
57801.913911	0.000039	0.000417	0.001942
57801.913950	0.000039	-0.000606	-0.001973
57801.913989	0.000039	-0.003283	-0.001839
57801.914028	0.000039	0.000812	0.001988
57801.914067	0.000039	0.000778	0.002105
57801.914106	0.000039	0.003266	0.001961
57801.914145	0.000039	0.000737	0.001893
57801.914184	0.000039	-0.000934	-0.002165
57801.914223	0.000039	0.002478	0.002229
57801.914262	0.000039	0.003875	0.002169
57801.914301	0.000039	0.000661	0.002017
57801.914340	0.000039	-0.002634	-0.001966
57801.914379	0.000039	0.000222	0.001976
57801.914417	0.000039	-0.003890	-0.002112
57801.914456	0.000039	-0.003514	-0.001944
57801.914495	0.000039	0.000109	0.001856
57801.914534	0.000039	0.003458	0.001951
57801.914573	0.000039	0.001946	0.002022
57801.914612	0.000039	0.002205	0.001866
57801.914651	0.000039	-0.001899	-0.001885
57801.914690	0.000039	0.000601	0.002027
57801.914729	0.000039	0.005026	0.002033
57801.914768	0.000039	0.006507	0.002023
57801.914807	0.000039	0.007478	0.002264
57801.914846	0.000039	0.011023	0.002504
57801.914885	0.000039	0.008608	0.002130
57801.914924	0.000039	0.009228	0.002203
57801.914963	0.000039	0.018591	0.002271
57801.915002	0.000039	0.014319	0.002328
57801.915041	0.000039	0.020836	0.002331
57801.915080	0.000039	0.020506	0.002524
57801.915119	0.000039	0.023065	0.002492
57801.915158	0.000039	0.022687	0.002515
57801.915197	0.000039	0.023869	0.002276
57801.915236	0.000039	0.020724	0.002399
57801.915275	0.000039	0.017285	0.002203
57801.915314	0.000039	0.022859	0.002358
57801.915353	0.000039	0.023312	0.002098
57801.915392	0.000039	0.023557	0.002252
57801.915431	0.000039	0.021473	0.002204
57801.915470	0.000039	0.022647	0.002263
57801.915509	0.000039	0.024149	0.002244
57801.915548	0.000039	0.023558	0.002017
57801.915587	0.000039	0.019466	0.002103
57801.915626	0.000039	0.019718	0.002157
57801.915665	0.000039	0.026984	0.002183
57801.915704	0.000039	0.018974	0.002101
57801.915743	0.000039	0.027504	0.002190
57801.915782	0.000039	0.023455	0.002278
57801.915821	0.000039	0.025237	0.002275
57801.915859	0.000039	0.029342	0.002413
57801.915898	0.000039	0.023170	0.002246
57801.915937	0.000039	0.021599	0.002087
57801.915976	0.000039	0.021386	0.002269
57801.916015	0.000039	0.023599	0.002372
57801.916054	0.000039	0.025051	0.002409
57801.916093	0.000039	0.025343	0.002322
57801.916132	0.000039	0.028045	0.002671
57801.916171	0.000039	0.025925	0.002526
57801.916210	0.000039	0.026473	0.002453
57801.916249	0.000039	0.020727	0.002251
57801.916288	0.000039	0.020702	0.002251
57801.916327	0.000039	0.023498	0.002604
57801.916366	0.000039	0.021342	0.002372
57801.916405	0.000039	0.029193	0.002515
57801.916444	0.000039	0.025522	0.002471
57801.916483	0.000039	0.025310	0.002292
57801.916522	0.000039	0.028307	0.002177
57801.916561	0.000039	0.025412	0.002282
57801.916600	0.000039	0.025130	0.002258
57801.916639	0.000039	0.024080	0.002226
57801.916678	0.000039	0.022865	0.002248
57801.916717	0.000039	0.030092	0.002360
57801.916756	0.000039	0.024709	0.002170
57801.916795	0.000039	0.024577	0.002201
57801.916834	0.000039	0.026317	0.002244
57801.916873	0.000039	0.021568	0.002554
57801.916912	0.000039	0.024435	0.002353
57801.916951	0.000039	0.026211	0.002348
57801.916990	0.000039	0.023495	0.002256
57801.917029	0.000039	0.023581	0.002310
57801.917068	0.000039	0.023784	0.002531
57801.917107	0.000039	0.023202	0.002491
57801.917146	0.000039	0.025212	0.002498
57801.917185	0.000039	0.022993	0.002472
57801.917224	0.000039	0.025982	0.002444
57801.917263	0.000039	0.026798	0.002430
57801.917301	0.000039	0.024432	0.002253
57801.917340	0.000039	0.023929	0.002071
57801.917379	0.000039	0.024448	0.002195
57801.917418	0.000039	0.030969	0.002294
57801.917457	0.000039	0.027323	0.002317
57801.917496	0.000039	0.027078	0.002327
57801.917535	0.000039	0.022569	0.002494
57801.917574	0.000039	0.026314	0.002619
57801.917613	0.000039	0.027428	0.002446
57801.917652	0.000039	0.025565	0.002531
57801.917691	0.000039	0.024208	0.002858
57801.917730	0.000039	0.032337	0.003046
57801.917769	0.000039	0.031341	0.002702
57801.917808	0.000039	0.030404	0.002401
57801.917847	0.000039	0.021784	0.002539
57801.917886	0.000039	0.027453	0.002669
57801.917925	0.000039	0.030673	0.002662
57801.917964	0.000039	0.025399	0.002553
57801.918003	0.000039	0.031827	0.002243
57801.918042	0.000039	0.026453	0.002348
57801.918081	0.000039	0.021394	0.002261
57801.918120	0.000039	0.025113	0.002288
57801.918159	0.000039	0.025972	0.002204
57801.918198	0.000039	0.027512	0.002294
57801.918237	0.000039	0.027566	0.002630
57801.918276	0.000039	0.028042	0.002341
57801.918315	0.000039	0.029018	0.002394
57801.918354	0.000039	0.025444	0.002408
57801.918393	0.000039	0.026970	0.002429
57801.918432	0.000039	0.030548	0.002483
57801.918471	0.000039	0.029108	0.002296
57801.918510	0.000039	0.028463	0.002425
57801.918549	0.000039	0.025541	0.002554
57801.918588	0.000039	0.026900	0.002406
57801.918627	0.000039	0.023562	0.002534
57801.918666	0.000039	0.030781	0.002410
57801.918705	0.000039	0.029200	0.002709
57801.918743	0.000039	0.026202	0.002700
57801.918782	0.000039	0.026726	0.002567
57801.918821	0.000039	0.028393	0.002557
57801.918860	0.000039	0.025944	0.002375
57801.918899	0.000039	0.031285	0.002569
57801.918938	0.000039	0.029396	0.002471
57801.918977	0.000039	0.027698	0.002686
57801.919016	0.000039	0.028059	0.002591
57801.919055	0.000039	0.027083	0.002593
57801.919094	0.000039	0.024950	0.002679
57801.919133	0.000039	0.028883	0.002653
57801.919172	0.000039	0.028098	0.002821
57801.919211	0.000039	0.028402	0.002952
57801.919250	0.000039	0.020910	0.002802
57801.919289	0.000039	0.027413	0.002576
57801.919328	0.000039	0.023467	0.002985
57801.919367	0.000039	0.033321	0.002784
57801.919406	0.000039	0.021299	0.002999
57801.919445	0.000039	0.025410	0.002750
57801.919484	0.000039	0.025025	0.002711
57801.919523	0.000039	0.029241	0.002875
57801.919562	0.000039	0.029986	0.002597
57801.919601	0.000039	0.030778	0.002475
57801.919640	0.000039	0.024600	0.002495
57801.919679	0.000039	0.025263	0.002598
57801.919718	0.000039	0.028455	0.002620
57801.919757	0.000039	0.029115	0.003234
57801.919796	0.000039	0.030125	0.003423
57801.919835	0.000039	0.029096	0.002484
57801.919874	0.000039	0.029907	0.002614
57801.919913	0.000039	0.026666	0.002786
57801.919952	0.000039	0.021464	0.002619
57801.919991	0.000039	0.025302	0.002583
57801.920030	0.000039	0.028488	0.002427
57801.920069	0.000039	0.028901	0.002389
57801.920108	0.000039	0.031909	0.002664
57801.920147	0.000039	0.025659	0.002729
57801.920185	0.000039	0.035961	0.002795
57801.920224	0.000039	0.021195	0.002745
57801.920263	0.000039	0.031593	0.002875
57801.920302	0.000039	0.033233	0.003219
57801.920341	0.000039	0.032176	0.002982
57801.920380	0.000039	0.030729	0.002667
57801.920419	0.000039	0.028520	0.002656
57801.920458	0.000039	0.034796	0.002723
57801.920497	0.000039	0.029303	0.002457
57801.920536	0.000039	0.035773	0.002664
57801.920575	0.000039	0.029037	0.002682
57801.920614	0.000039	0.030079	0.002438
57801.920653	0.000039	0.027112	0.002480
57801.920692	0.000039	0.029898	0.002745
57801.920731	0.000039	0.029053	0.002636
57801.920770	0.000039	0.023627	0.002582
57801.920809	0.000039	0.022256	0.002443
57801.920848	0.000039	0.024627	0.002634
57801.920887	0.000039	0.026477	0.002496
57801.920926	0.000039	0.021363	0.002455
57801.920965	0.000039	0.027417	0.002782
57801.921004	0.000039	0.028822	0.002499
57801.921043	0.000039	0.033139	0.002510
57801.921082	0.000039	0.025877	0.002875
57801.921121	0.000039	0.024363	0.002913
57801.921160	0.000039	0.031860	0.002954
57801.921199	0.000039	0.024858	0.002789
57801.921238	0.000039	0.031783	0.002725
57801.921277	0.000039	0.029519	0.002644
57801.921316	0.000039	0.033518	0.002846
57801.921355	0.000039	0.032366	0.002770
57801.921394	0.000039	0.028271	0.002880
57801.921433	0.000039	0.033890	0.002957
57801.921472	0.000039	0.028313	0.002750
57801.921511	0.000039	0.021424	0.002864
57801.921550	0.000039	0.027655	0.002590
57801.921589	0.000039	0.030564	0.002682
57801.921627	0.000039	0.025014	0.002589
57801.921666	0.000039	0.024928	0.002761
57801.921705	0.000039	0.022794	0.002987
57801.921744	0.000039	0.031119	0.002976
57801.921783	0.000039	0.031610	0.002676
57801.921822	0.000039	0.023029	0.002707
57801.921861	0.000039	0.028837	0.002792
57801.921900	0.000039	0.030218	0.002746
57801.921939	0.000039	0.024914	0.002629
57801.921978	0.000039	0.029765	0.002749
57801.922017	0.000039	0.031925	0.002717
57801.922056	0.000039	0.026199	0.002860
57801.922095	0.000039	0.029223	0.002973
57801.922134	0.000039	0.025237	0.002798
57801.922173	0.000039	0.023351	0.002779
57801.922212	0.000039	0.017791	0.003093
57801.922251	0.000039	0.024244	0.002915
57801.922290	0.000039	0.027665	0.002721
57801.922329	0.000039	0.029085	0.002670
57801.922368	0.000039	0.026751	0.002720
57801.922407	0.000039	0.026573	0.002641
57801.922446	0.000039	0.028255	0.002612
57801.922485	0.000039	0.024633	0.002817
57801.922524	0.000039	0.025957	0.002670
57801.922563	0.000039	0.027300	0.002874
57801.922602	0.000039	0.025346	0.002813
57801.922641	0.000039	0.024469	0.002573
57801.922680	0.000039	0.025165	0.002523
57801.922719	0.000039	0.025738	0.002626
57801.922758	0.000039	0.024341	0.002560
57801.922797	0.000039	0.026617	0.002697
57801.922836	0.000039	0.020153	0.002534
57801.922875	0.000039	0.024446	0.002446
57801.922914	0.000039	0.024684	0.002535
57801.922953	0.000039	0.026360	0.002393
57801.922992	0.000039	0.023705	0.002698
57801.923031	0.000039	0.031481	0.002720
57801.923069	0.000039	0.028258	0.002752
57801.923108	0.000039	0.023539	0.002441
57801.923147	0.000039	0.023884	0.002387
57801.923186	0.000039	0.026461	0.002498
57801.923225	0.000039	0.026487	0.002399
57801.923264	0.000039	0.025088	0.002359
57801.923303	0.000039	0.023015	0.002445
57801.923342	0.000039	0.028164	0.002589
57801.923381	0.000039	0.023356	0.002803
57801.923420	0.000039	0.021637	0.002974
57801.923459	0.000039	0.024298	0.002694
57801.923498	0.000039	0.030900	0.002516
57801.923537	0.000039	0.030065	0.002769
57801.923576	0.000039	0.023351	0.002498
57801.923615	0.000039	0.025529	0.002688
57801.923654	0.000039	0.026263	0.002514
57801.923693	0.000039	0.024523	0.002650
57801.923732	0.000039	0.028412	0.002863
57801.923771	0.000039	0.028722	0.003144
57801.923810	0.000039	0.025481	0.002565
57801.923849	0.000039	0.026286	0.002769
57801.923888	0.000039	0.020611	0.002808
57801.923927	0.000039	0.023080	0.002799
57801.923966	0.000039	0.030605	0.002778
57801.924005	0.000039	0.027094	0.003183
57801.924044	0.000039	0.029890	0.002979
57801.924083	0.000039	0.024222	0.002961
57801.924122	0.000039	0.025830	0.002850
57801.924161	0.000039	0.024548	0.002895
57801.924200	0.000039	0.022213	0.002921
57801.924239	0.000039	0.030065	0.002940
57801.924278	0.000039	0.023068	0.002844
57801.924317	0.000039	0.023107	0.002687
57801.924356	0.000039	0.022653	0.002540
57801.924395	0.000039	0.023616	0.002515
57801.924434	0.000039	0.025143	0.002819
57801.924473	0.000039	0.021876	0.002814
57801.924511	0.000039	0.025040	0.002857
57801.924550	0.000039	0.029847	0.002877
57801.924589	0.000039	0.026103	0.002737
57801.924628	0.000039	0.029335	0.002798
57801.924667	0.000039	0.020617	0.002719
57801.924706	0.000039	0.026469	0.003019
57801.924745	0.000039	0.027781	0.002917
57801.924784	0.000039	0.022438	0.003072
57801.924823	0.000039	0.027278	0.002902
57801.924862	0.000039	0.020492	0.002595
57801.924901	0.000039	0.027711	0.002820
57801.924940	0.000039	0.021182	0.002632
57801.924979	0.000039	0.020138	0.002549
57801.925018	0.000039	0.020199	0.002642
57801.925057	0.000039	0.027760	0.002522
57801.925096	0.000039	0.023590	0.002623
57801.925135	0.000039	0.025722	0.002561
57801.925174	0.000039	0.022138	0.002618
57801.925213	0.000039	0.023436	0.002747
57801.925252	0.000039	0.022013	0.002686
57801.925291	0.000039	0.023241	0.002645
57801.925330	0.000039	0.023004	0.002894
57801.925369	0.000039	0.025068	0.002844
57801.925408	0.000039	0.025088	0.003080
57801.925447	0.000039	0.023173	0.003873
57801.925486	0.000039	0.024290	0.003230
57801.925525	0.000039	0.028411	0.002913
57801.925564	0.000039	0.023859	0.003026
57801.925603	0.000039	0.023085	0.002736
57801.925642	0.000039	0.028715	0.002665
57801.925681	0.000039	0.025197	0.002609
57801.925720	0.000039	0.021373	0.002623
57801.925759	0.000039	0.022901	0.002736
57801.925798	0.000039	0.025328	0.002821
57801.925837	0.000039	0.027128	0.003005
57801.925876	0.000039	0.024115	0.002722
57801.925915	0.000039	0.024895	0.002789
57801.925953	0.000039	0.024298	0.002592
57801.925992	0.000039	0.027339	0.002997
57801.926031	0.000039	0.019129	0.002842
57801.926070	0.000039	0.023564	0.003083
57801.926109	0.000039	0.021063	0.003052
57801.926148	0.000039	0.023452	0.003111
57801.926187	0.000039	0.021580	0.003212
57801.926226	0.000039	0.022570	0.003000
57801.926265	0.000039	0.026900	0.003194
57801.926304	0.000039	0.024311	0.002903
57801.926343	0.000039	0.021846	0.002697
57801.926382	0.000039	0.023712	0.002906
57801.926421	0.000039	0.024898	0.002796
57801.926460	0.000039	0.022125	0.003159
57801.926499	0.000039	0.025550	0.003009
57801.926538	0.000039	0.028907	0.003351
57801.926577	0.000039	0.021692	0.003383
57801.926616	0.000039	0.021240	0.003141
57801.926655	0.000039	0.020420	0.002872
57801.926694	0.000039	0.021624	0.002818
57801.926733	0.000039	0.028822	0.002768
57801.926772	0.000039	0.026689	0.002786
57801.926811	0.000039	0.024331	0.002605
57801.926850	0.000039	0.022939	0.002865
57801.926889	0.000039	0.022334	0.002670
57801.926928	0.000039	0.025463	0.002597
57801.926967	0.000039	0.026559	0.003167
57801.927006	0.000039	0.023817	0.003033
57801.927045	0.000039	0.017650	0.002682
57801.927084	0.000039	0.023540	0.002924
57801.927123	0.000039	0.022137	0.003503
57801.927162	0.000039	0.022462	0.002872
57801.927201	0.000039	0.026721	0.002891
57801.927240	0.000039	0.025662	0.003339
57801.927279	0.000039	0.024432	0.002775
57801.927318	0.000039	0.027089	0.002800
57801.927357	0.000039	0.020688	0.002770
57801.927395	0.000039	0.027092	0.002803
57801.927434	0.000039	0.029484	0.002773
57801.927473	0.000039	0.023618	0.002782
57801.927512	0.000039	0.021011	0.002743
57801.927551	0.000039	0.028862	0.002763
57801.927590	0.000039	0.025325	0.003068
57801.927629	0.000039	0.024492	0.003225
57801.927668	0.000039	0.023334	0.003549
57801.927707	0.000039	0.022146	0.003173
57801.927746	0.000039	0.029948	0.003163
57801.927785	0.000039	0.023684	0.002761
57801.927824	0.000039	0.022723	0.003153
57801.927863	0.000039	0.030148	0.003092
57801.927902	0.000039	0.025750	0.002884
57801.927941	0.000039	0.029024	0.003263
57801.927980	0.000039	0.025778	0.003044
57801.928019	0.000039	0.025601	0.002848
57801.928058	0.000039	0.018479	0.002747
57801.928097	0.000039	0.023351	0.003126
57801.928136	0.000039	0.014423	0.003059
57801.928175	0.000039	0.022919	0.002810
57801.928214	0.000039	0.024780	0.003155
57801.928253	0.000039	0.025599	0.002804
57801.928292	0.000039	0.025752	0.002873
57801.928331	0.000039	0.026450	0.002752
57801.928370	0.000039	0.030694	0.002865
57801.928409	0.000039	0.031097	0.002772
57801.928448	0.000039	0.027210	0.002860
57801.928487	0.000039	0.027591	0.002910
57801.928526	0.000039	0.023871	0.002980
57801.928565	0.000039	0.027734	0.002853
57801.928604	0.000039	0.027768	0.002902
57801.928643	0.000039	0.028384	0.003083
57801.928682	0.000039	0.025194	0.003178
57801.928721	0.000039	0.024989	0.003201
57801.928760	0.000039	0.028935	0.002910
57801.928799	0.000039	0.027076	0.003057
57801.928837	0.000039	0.023824	0.003204
57801.928876	0.000039	0.022312	0.003186
57801.928915	0.000039	0.027620	0.002913
57801.928954	0.000039	0.024399	0.003126
57801.928993	0.000039	0.020464	0.003063
57801.929032	0.000039	0.026134	0.003299
57801.929071	0.000039	0.025681	0.003155
57801.929110	0.000039	0.023985	0.003189
57801.929149	0.000039	0.025720	0.003212
57801.929188	0.000039	0.021037	0.002895
57801.929227	0.000039	0.026374	0.002830
57801.929266	0.000039	0.028749	0.002806
57801.929305	0.000039	0.030028	0.002906
57801.929344	0.000039	0.027220	0.002844
57801.929383	0.000039	0.017429	0.002893
57801.929422	0.000039	0.031588	0.003051
57801.929461	0.000039	0.024219	0.002985
57801.929500	0.000039	0.029240	0.003365
57801.929539	0.000039	0.026017	0.003057
57801.929578	0.000039	0.022955	0.003096
57801.929617	0.000039	0.028125	0.002917
57801.929656	0.000039	0.023135	0.002717
57801.929695	0.000039	0.024287	0.002940
57801.929734	0.000039	0.026957	0.003472
57801.929773	0.000039	0.025344	0.003474
57801.929812	0.000039	0.025868	0.003026
57801.929851	0.000039	0.023807	0.003188
57801.929890	0.000039	0.018895	0.002963
57801.929929	0.000039	0.024781	0.002661
57801.929968	0.000039	0.028188	0.002859
57801.930007	0.000039	0.026741	0.002998
57801.930046	0.000039	0.026058	0.003025
57801.930085	0.000039	0.021684	0.002899
57801.930124	0.000039	0.033059	0.002885
57801.930163	0.000039	0.020372	0.003099
57801.930202	0.000039	0.023998	0.003070
57801.930241	0.000039	0.021591	0.002623
57801.930279	0.000039	0.022552	0.002799
57801.930318	0.000039	0.025624	0.002878
57801.930357	0.000039	0.027017	0.003045
57801.930396	0.000039	0.023269	0.002679
57801.930435	0.000039	0.023483	0.002627
57801.930474	0.000039	0.027380	0.002966
57801.930513	0.000039	0.019810	0.003115
57801.930552	0.000039	0.021396	0.003058
57801.930591	0.000039	0.020238	0.002827
57801.930630	0.000039	0.025932	0.003044
57801.930669	0.000039	0.021886	0.002971
57801.930708	0.000039	0.024716	0.002966
57801.930747	0.000039	0.025016	0.002743
57801.930786	0.000039	0.023495	0.002609
57801.930825	0.000039	0.024744	0.002948
57801.930864	0.000039	0.025882	0.002917
57801.930903	0.000039	0.027653	0.002914
57801.930942	0.000039	0.022072	0.002942
57801.930981	0.000039	0.020013	0.002825
57801.931020	0.000039	0.022227	0.002962
57801.931059	0.000039	0.031345	0.002876
57801.931098	0.000039	0.018871	0.002573
57801.931137	0.000039	0.024468	0.002791
57801.931176	0.000039	0.025941	0.002718
57801.931215	0.000039	0.022650	0.002889
57801.931254	0.000039	0.021139	0.002778
57801.931293	0.000039	0.024650	0.002807
57801.931332	0.000039	0.026023	0.002773
57801.931371	0.000039	0.024050	0.002652
57801.931410	0.000039	0.021230	0.002718
57801.931449	0.000039	0.022007	0.002568
57801.931488	0.000039	0.024685	0.002962
57801.931527	0.000039	0.021438	0.002866
57801.931566	0.000039	0.022666	0.002975
57801.931605	0.000039	0.025866	0.002931
57801.931644	0.000039	0.024682	0.002776
57801.931683	0.000039	0.024449	0.002984
57801.931721	0.000039	0.022500	0.003100
57801.931760	0.000039	0.026755	0.002549
57801.931799	0.000039	0.023922	0.002742
57801.931838	0.000039	0.018336	0.002899
57801.931877	0.000039	0.026141	0.002772
57801.931916	0.000039	0.023645	0.002800
57801.931955	0.000039	0.023244	0.003035
57801.931994	0.000039	0.022596	0.002666
57801.932033	0.000039	0.023667	0.002744
57801.932072	0.000039	0.026891	0.003195
57801.932111	0.000039	0.022924	0.002738
57801.932150	0.000039	0.029349	0.002965
57801.932189	0.000039	0.024480	0.002699
57801.932228	0.000039	0.023731	0.002836
57801.932267	0.000039	0.017147	0.003126
57801.932306	0.000039	0.022539	0.003212
57801.932345	0.000039	0.026595	0.003023
57801.932384	0.000039	0.024239	0.002999
57801.932423	0.000039	0.028214	0.003201
57801.932462	0.000039	0.027772	0.003131
57801.932501	0.000039	0.027721	0.003204
57801.932540	0.000039	0.025909	0.003017
57801.932579	0.000039	0.022840	0.002997
57801.932618	0.000039	0.031516	0.003135
57801.932657	0.000039	0.025597	0.002952
57801.932696	0.000039	0.023087	0.002901
57801.932735	0.000039	0.019883	0.002667
57801.932774	0.000039	0.030298	0.003056
57801.932813	0.000039	0.026332	0.003166
57801.932852	0.000039	0.027246	0.003020
57801.932891	0.000039	0.027614	0.002985
57801.932930	0.000039	0.024150	0.003075
57801.932969	0.000039	0.026838	0.003023
57801.933008	0.000039	0.020043	0.002659
57801.933047	0.000039	0.024345	0.002878
57801.933086	0.000039	0.025246	0.002723
57801.933125	0.000039	0.028734	0.002719
57801.933163	0.000039	0.029541	0.003065
57801.933202	0.000039	0.026855	0.002735
57801.933241	0.000039	0.020274	0.002821
57801.933280	0.000039	0.028082	0.002807
57801.933319	0.000039	0.017471	0.002718
57801.933358	0.000039	0.027289	0.002826
57801.933397	0.000039	0.020512	0.003008
57801.933436	0.000039	0.022724	0.002722
57801.933475	0.000039	0.025540	0.003070
57801.933514	0.000039	0.022293	0.003090
57801.933553	0.000039	0.023911	0.002818
57801.933592	0.000039	0.025951	0.002968
57801.933631	0.000039	0.013880	0.002881
57801.933670	0.000039	0.021075	0.003102
57801.933709	0.000039	0.019788	0.002994
57801.933748	0.000039	0.026132	0.002807
57801.933787	0.000039	0.023386	0.003047
57801.933826	0.000039	0.026682	0.002892
57801.933865	0.000039	0.025200	0.003072
57801.933904	0.000039	0.028703	0.002684
57801.933943	0.000039	0.017655	0.002632
57801.933982	0.000039	0.031219	0.003016
57801.934021	0.000039	0.026802	0.002810
57801.934060	0.000039	0.028060	0.002756
57801.934099	0.000039	0.022934	0.002902
57801.934138	0.000039	0.026823	0.002970
57801.934177	0.000039	0.024388	0.002664
57801.934216	0.000039	0.019660	0.002868
57801.934255	0.000039	0.023524	0.003091
57801.934294	0.000039	0.029336	0.003137
57801.934333	0.000039	0.021156	0.002964
57801.934372	0.000039	0.021731	0.002842
57801.934411	0.000039	0.027863	0.002932
57801.934450	0.000039	0.030889	0.003019
57801.934489	0.000039	0.023105	0.003007
57801.934528	0.000039	0.027308	0.003251
57801.934567	0.000039	0.021780	0.003071
57801.934605	0.000039	0.027698	0.002864
57801.934644	0.000039	0.024325	0.002798
57801.934683	0.000039	0.022745	0.002795
57801.934722	0.000039	0.023473	0.002839
57801.934761	0.000039	0.023219	0.002835
57801.934800	0.000039	0.024007	0.002729
57801.934839	0.000039	0.023578	0.002551
57801.934878	0.000039	0.020328	0.002620
57801.934917	0.000039	0.018809	0.002779
57801.934956	0.000039	0.027248	0.002995
57801.934995	0.000039	0.022978	0.003412
57801.935034	0.000039	0.023008	0.003622
57801.935073	0.000039	0.023124	0.003180
57801.935112	0.000039	0.023521	0.003112
57801.935151	0.000039	0.020467	0.002930
57801.935190	0.000039	0.022595	0.002805
57801.935229	0.000039	0.022924	0.002904
57801.935268	0.000039	0.025753	0.003043
57801.935307	0.000039	0.028989	0.003309
57801.935346	0.000039	0.020828	0.002926
57801.935385	0.000039	0.026262	0.002960
57801.935424	0.000039	0.027319	0.002724
57801.935463	0.000039	0.022155	0.002884
57801.935502	0.000039	0.020612	0.003159
57801.935541	0.000039	0.022030	0.003572
57801.935580	0.000039	0.025443	0.003183
57801.935619	0.000039	0.019501	0.002997
57801.935658	0.000039	0.026372	0.003092
57801.935697	0.000039	0.029358	0.002967
57801.935736	0.000039	0.025830	0.002935
57801.935775	0.000039	0.028838	0.002934
57801.935814	0.000039	0.021297	0.003103
57801.935853	0.000039	0.026915	0.002603
57801.935892	0.000039	0.022827	0.002939
57801.935931	0.000039	0.025753	0.002802
57801.935970	0.000039	0.026040	0.002648
57801.936009	0.000039	0.024666	0.002921
57801.936047	0.000039	0.022899	0.002981
57801.936086	0.000039	0.022270	0.002883
57801.936125	0.000039	0.021890	0.002641
57801.936164	0.000039	0.020649	0.002592
57801.936203	0.000039	0.024395	0.002783
57801.936242	0.000039	0.023223	0.002963
57801.936281	0.000039	0.020906	0.003305
57801.936320	0.000039	0.023115	0.003327
57801.936359	0.000039	0.022458	0.002864
57801.936398	0.000039	0.027044	0.003042
57801.936437	0.000039	0.024692	0.002692
57801.936476	0.000039	0.026417	0.002850
57801.936515	0.000039	0.020328	0.002974
57801.936554	0.000039	0.025940	0.002914
57801.936593	0.000039	0.021041	0.002783
57801.936632	0.000039	0.026529	0.003330
57801.936671	0.000039	0.027832	0.002844
57801.936710	0.000039	0.025241	0.002716
57801.936749	0.000039	0.026687	0.003204
57801.936788	0.000039	0.024972	0.003006
57801.936827	0.000039	0.020406	0.002448
57801.936866	0.000039	0.022660	0.002452
57801.936905	0.000039	0.032528	0.002558
57801.936944	0.000039	0.027134	0.003028
57801.936983	0.000039	0.024213	0.002704
57801.937022	0.000039	0.026077	0.002466
57801.937061	0.000039	0.029142	0.002857
57801.937100	0.000039	0.019972	0.002671
57801.937139	0.000039	0.023607	0.002759
57801.937178	0.000039	0.023750	0.003085
57801.937217	0.000039	0.026480	0.002899
57801.937256	0.000039	0.025062	0.002956
57801.937295	0.000039	0.027257	0.002911
57801.937334	0.000039	0.021179	0.002841
57801.937373	0.000039	0.025203	0.003104
57801.937412	0.000039	0.015968	0.003057
57801.937451	0.000039	0.018488	0.002908
57801.937489	0.000039	0.024859	0.003182
57801.937528	0.000039	0.028174	0.003618
57801.937567	0.000039	0.020265	0.003338
57801.937606	0.000039	0.021891	0.002876
57801.937645	0.000039	0.028520	0.002934
57801.937684	0.000039	0.026521	0.002874
57801.937723	0.000039	0.025447	0.002885
57801.937762	0.000039	0.027146	0.003291
57801.937801	0.000039	0.028534	0.003000
57801.937840	0.000039	0.029078	0.003067
57801.937879	0.000039	0.021733	0.002814
57801.937918	0.000039	0.027676	0.002758
57801.937957	0.000039	0.026203	0.002714
57801.937996	0.000039	0.023523	0.002702
57801.938035	0.000039	0.028485	0.002854
57801.938074	0.000039	0.025028	0.002738
57801.938113	0.000039	0.028809	0.003020
57801.938152	0.000039	0.027537	0.003048
57801.938191	0.000039	0.028148	0.003399
57801.938230	0.000039	0.021778	0.002967
57801.938269	0.000039	0.028362	0.002664
57801.938308	0.000039	0.025994	0.003119
57801.938347	0.000039	0.024001	0.002939
57801.938386	0.000039	0.024255	0.003084
57801.938425	0.000039	0.025511	0.003453
57801.938464	0.000039	0.025315	0.003578
57801.938503	0.000039	0.027679	0.002997
57801.938542	0.000039	0.023458	0.002660
57801.938581	0.000039	0.029012	0.002752
57801.938620	0.000039	0.021371	0.003122
57801.938659	0.000039	0.024088	0.003057
57801.938698	0.000039	0.025124	0.002722
57801.938737	0.000039	0.024222	0.002760
57801.938776	0.000039	0.031713	0.003219
57801.938815	0.000039	0.023410	0.003172
57801.938854	0.000039	0.018363	0.003224
57801.938893	0.000039	0.028306	0.003805
57801.938931	0.000039	0.023576	0.003524
57801.938970	0.000039	0.029483	0.003104
57801.939009	0.000039	0.028510	0.003117
57801.939048	0.000039	0.024604	0.003008
57801.939087	0.000039	0.028873	0.003236
57801.939126	0.000039	0.029085	0.003190
57801.939165	0.000039	0.020182	0.003464
57801.939204	0.000039	0.024793	0.003299
57801.939243	0.000039	0.025083	0.003165
57801.939282	0.000039	0.027072	0.003338
57801.939321	0.000039	0.029604	0.002822
57801.939360	0.000039	0.019752	0.002918
57801.939399	0.000039	0.027299	0.002803
57801.939438	0.000039	0.022500	0.003001
57801.939477	0.000039	0.021400	0.003331
57801.939516	0.000039	0.018116	0.003002
57801.939555	0.000039	0.022043	0.003004
57801.939594	0.000039	0.023944	0.003038
57801.939633	0.000039	0.026187	0.002994
57801.939672	0.000039	0.024504	0.002844
57801.939711	0.000039	0.025951	0.002880
57801.939750	0.000039	0.024861	0.002890
57801.939789	0.000039	0.022092	0.002741
57801.939828	0.000039	0.027122	0.002891
57801.939867	0.000039	0.023299	0.002999
57801.939906	0.000039	0.029344	0.002733
57801.939945	0.000039	0.018834	0.002635
57801.939984	0.000039	0.030138	0.003058
57801.940023	0.000039	0.019074	0.003099
57801.940062	0.000039	0.026357	0.002957
57801.940101	0.000039	0.021146	0.002918
57801.940140	0.000039	0.026466	0.002928
57801.940179	0.000039	0.027816	0.003332
57801.940218	0.000039	0.023469	0.003358
57801.940257	0.000039	0.020257	0.003744
57801.940296	0.000039	0.017199	0.002952
57801.940335	0.000039	0.026640	0.003509
57801.940373	0.000039	0.025563	0.003620
57801.940412	0.000039	0.028622	0.003398
57801.940451	0.000039	0.027711	0.003580
57801.940490	0.000039	0.026453	0.003558
57801.940529	0.000039	0.024788	0.002691
57801.940568	0.000039	0.024936	0.003389
57801.940607	0.000039	0.029135	0.003451
57801.940646	0.000039	0.022495	0.003656
57801.940685	0.000039	0.025681	0.003397
57801.940724	0.000039	0.021210	0.003109
57801.940763	0.000039	0.022198	0.003220
57801.940802	0.000039	0.023425	0.002956
57801.940841	0.000039	0.024613	0.002726
57801.940880	0.000039	0.023040	0.002828
57801.940919	0.000039	0.020375	0.002791
57801.940958	0.000039	0.024284	0.002899
57801.940997	0.000039	0.024306	0.002761
57801.941036	0.000039	0.028579	0.002955
57801.941075	0.000039	0.023426	0.002994
57801.941114	0.000039	0.020528	0.002975
57801.941153	0.000039	0.025390	0.002994
57801.941192	0.000039	0.025718	0.002979
57801.941231	0.000039	0.025959	0.002903
57801.941270	0.000039	0.025621	0.003060
57801.941309	0.000039	0.022891	0.003080
57801.941348	0.000039	0.023853	0.003130
57801.941387	0.000039	0.031192	0.002964
57801.941426	0.000039	0.022381	0.003092
57801.941465	0.000039	0.031529	0.003627
57801.941504	0.000039	0.025739	0.003149
57801.941543	0.000039	0.021187	0.002948
57801.941582	0.000039	0.024003	0.002972
57801.941621	0.000039	0.026438	0.002959
57801.941660	0.000039	0.030030	0.003034
57801.941699	0.000039	0.021894	0.002993
57801.941738	0.000039	0.018792	0.003095
57801.941777	0.000039	0.023900	0.003150
57801.941816	0.000039	0.021808	0.003105
57801.941854	0.000039	0.023466	0.003048
57801.941893	0.000039	0.016843	0.003337
57801.941932	0.000039	0.028523	0.003527
57801.941971	0.000039	0.026857	0.003294
57801.942010	0.000039	0.022893	0.002856
57801.942049	0.000039	0.020440	0.003239
57801.942088	0.000039	0.027385	0.003152
57801.942127	0.000039	0.021164	0.003136
57801.942166	0.000039	0.019096	0.003634
57801.942205	0.000039	0.030340	0.003690
57801.942244	0.000039	0.028321	0.003105
57801.942283	0.000039	0.024154	0.003169
57801.942322	0.000039	0.030319	0.003289
57801.942361	0.000039	0.021142	0.003744
57801.942400	0.000039	0.019809	0.003244
57801.942439	0.000039	0.022815	0.003525
57801.942478	0.000039	0.023940	0.003726
57801.942517	0.000039	0.024170	0.003402
57801.942556	0.000039	0.027519	0.003282
57801.942595	0.000039	0.025243	0.003128
57801.942634	0.000039	0.020725	0.003359
57801.942673	0.000039	0.022391	0.003251
57801.942712	0.000039	0.023755	0.002780
57801.942751	0.000039	0.027574	0.003182
57801.942790	0.000039	0.022519	0.003068
57801.942829	0.000039	0.021994	0.003038
