57801.702678 0.000039 0.025413 0.001595 1 2
57801.702716 0.000039 0.026889 0.001594 1 2
57801.702755 0.000039 0.025556 0.001670 1 2
57801.702794 0.000039 0.026022 0.001644 1 2
57801.702833 0.000039 0.024054 0.001683 1 2
57801.702872 0.000039 0.026998 0.001621 1 2
57801.702911 0.000039 0.025754 0.001602 1 2
57801.702950 0.000039 0.025378 0.001594 1 2
57801.702989 0.000039 0.028017 0.001543 1 2
57801.703028 0.000039 0.029736 0.001771 1 2
57801.703067 0.000039 0.024374 0.001682 1 2
57801.703106 0.000039 0.027589 0.001679 1 2
57801.703145 0.000039 0.024188 0.001826 1 2
57801.703184 0.000039 0.024532 0.001730 1 2
57801.703223 0.000039 0.027742 0.001525 1 2
57801.703262 0.000039 0.029709 0.001686 1 2
57801.703301 0.000039 0.025566 0.001714 1 2
57801.703340 0.000039 0.033459 0.001609 1 2
57801.703379 0.000039 0.029524 0.001888 1 2
57801.703418 0.000039 0.028509 0.001727 1 2
57801.703457 0.000039 0.031822 0.001646 1 2
57801.703496 0.000039 0.028863 0.001659 1 2
57801.703535 0.000039 0.029086 0.001528 1 2
57801.703574 0.000039 0.025510 0.001566 1 2
57801.703613 0.000039 0.027554 0.001568 1 2
57801.703652 0.000039 0.030267 0.001584 1 2
57801.703691 0.000039 0.029867 0.001579 1 2
57801.703730 0.000039 0.023890 0.001488 1 2
57801.703769 0.000039 0.024672 0.001444 1 2
57801.703808 0.000039 0.025932 0.001470 1 2
57801.703847 0.000039 0.026531 0.001904 1 2
57801.703886 0.000039 0.030307 0.001766 1 2
57801.703925 0.000039 0.027438 0.001915 1 2
57801.703964 0.000039 0.025147 0.001673 1 2
57801.704003 0.000039 0.029087 0.001715 1 2
57801.704042 0.000039 0.025133 0.001807 1 2
57801.704081 0.000039 0.028061 0.001777 1 2
57801.704120 0.000039 0.028351 0.001858 1 2
57801.704158 0.000039 0.025816 0.001752 1 2
57801.704197 0.000039 0.029049 0.001824 1 2
57801.704236 0.000039 0.027942 0.001928 1 2
57801.704275 0.000039 0.027847 0.001798 1 2
57801.704314 0.000039 0.028665 0.001721 1 2
57801.704353 0.000039 0.026455 0.001537 1 2
57801.704392 0.000039 0.023855 0.001759 1 2
57801.704431 0.000039 0.027525 0.001627 1 2
57801.704470 0.000039 0.029209 0.001596 1 2
57801.704509 0.000039 0.027397 0.001634 1 2
57801.704548 0.000039 0.026370 0.001599 1 2
57801.704587 0.000039 0.026741 0.001571 1 2
57801.704626 0.000039 0.025287 0.001613 1 2
57801.704665 0.000039 0.027234 0.001717 1 2
57801.704704 0.000039 0.025953 0.001689 1 2
57801.704743 0.000039 0.025832 0.001728 1 2
57801.704782 0.000039 0.025175 0.001613 1 2
57801.704821 0.000039 0.027075 0.001496 1 2
57801.704860 0.000039 0.028960 0.001736 1 2
57801.704899 0.000039 0.027281 0.001603 1 2
57801.704938 0.000039 0.027039 0.001640 1 2
57801.704977 0.000039 0.026178 0.001683 1 2
57801.705016 0.000039 0.026365 0.001727 1 2
57801.705055 0.000039 0.025104 0.001718 1 2
57801.705094 0.000039 0.030213 0.001745 1 2
57801.705133 0.000039 0.027907 0.001968 1 2
57801.705172 0.000039 0.023354 0.002036 1 2
57801.705211 0.000039 0.025739 0.001809 1 2
57801.705250 0.000039 0.025590 0.001901 1 2
57801.705289 0.000039 0.028908 0.001683 1 2
57801.705328 0.000039 0.027860 0.001646 1 2
57801.705367 0.000039 0.028672 0.001668 1 2
57801.705406 0.000039 0.029365 0.001885 1 2
57801.705445 0.000039 0.027699 0.001734 1 2
57801.705484 0.000039 0.024467 0.001541 1 2
57801.705523 0.000039 0.027761 0.001652 1 2
57801.705562 0.000039 0.027695 0.001718 1 2
57801.705600 0.000039 0.027537 0.001851 1 2
57801.705639 0.000039 0.025357 0.001710 1 2
57801.705678 0.000039 0.025917 0.001551 1 2
57801.705717 0.000039 0.028481 0.001651 1 2
57801.705756 0.000039 0.030483 0.001664 1 2
57801.705795 0.000039 0.029383 0.001755 1 2
57801.705834 0.000039 0.031414 0.001847 1 2
57801.705873 0.000039 0.035043 0.001842 1 2
57801.705912 0.000039 0.031048 0.001712 1 2
57801.705951 0.000039 0.031516 0.001658 1 2
57801.705990 0.000039 0.030065 0.001521 1 2
57801.706029 0.000039 0.031424 0.001889 1 2
57801.706068 0.000039 0.029061 0.002142 1 2
57801.706107 0.000039 0.028263 0.002212 1 2
57801.706146 0.000039 0.023481 0.001955 1 2
57801.706185 0.000039 0.029644 0.001861 1 2
57801.706224 0.000039 0.032097 0.002079 1 2
57801.706263 0.000039 0.026303 0.001829 1 2
57801.706302 0.000039 0.028178 0.001669 1 2
57801.706341 0.000039 0.032061 0.001789 1 2
57801.706380 0.000039 0.028125 0.001781 1 2
57801.706419 0.000039 0.031352 0.001849 1 2
57801.706458 0.000039 0.031558 0.001900 1 2
57801.706497 0.000039 0.024637 0.001776 1 2
57801.706536 0.000039 0.030060 0.001835 1 2
57801.706575 0.000039 0.025805 0.001785 1 2
57801.706614 0.000039 0.027918 0.001765 1 2
57801.706653 0.000039 0.026618 0.001520 1 2
57801.706692 0.000039 0.029953 0.001578 1 2
57801.706731 0.000039 0.027420 0.001733 1 2
57801.706770 0.000039 0.025882 0.001646 1 2
57801.706809 0.000039 0.028464 0.001713 1 2
57801.706848 0.000039 0.026522 0.001696 1 2
57801.706887 0.000039 0.028900 0.001683 1 2
57801.706926 0.000039 0.032413 0.001858 1 2
57801.706965 0.000039 0.029273 0.001607 1 2
57801.707004 0.000039 0.029910 0.001724 1 2
57801.707042 0.000039 0.031352 0.001606 1 2
57801.707081 0.000039 0.033084 0.001703 1 2
57801.707120 0.000039 0.031911 0.001563 1 2
57801.707159 0.000039 0.035802 0.001648 1 2
57801.707198 0.000039 0.034860 0.001542 1 2
57801.707237 0.000039 0.032486 0.001519 1 2
57801.707276 0.000039 0.032213 0.001509 1 2
57801.707315 0.000039 0.034765 0.001627 1 2
57801.707354 0.000039 0.030107 0.001573 1 2
57801.707393 0.000039 0.029818 0.001541 1 2
57801.707432 0.000039 0.031022 0.001649 1 2
57801.707471 0.000039 0.027982 0.001576 1 2
57801.707510 0.000039 0.027868 0.001552 1 2
57801.707549 0.000039 0.029409 0.001600 1 2
57801.707588 0.000039 0.028772 0.001609 1 2
57801.707627 0.000039 0.028448 0.001644 1 2
57801.707666 0.000039 0.027665 0.001871 1 2
57801.707705 0.000039 0.027902 0.001882 1 2
57801.707744 0.000039 0.030128 0.001601 1 2
57801.707783 0.000039 0.028834 0.001580 1 2
57801.707822 0.000039 0.030638 0.001724 1 2
57801.707861 0.000039 0.025604 0.001716 1 2
57801.707900 0.000039 0.025141 0.001941 1 2
57801.707939 0.000039 0.026520 0.001647 1 2
57801.707978 0.000039 0.028905 0.001682 1 2
57801.708017 0.000039 0.031070 0.001854 1 2
57801.708056 0.000039 0.029134 0.001695 1 2
57801.708095 0.000039 0.029648 0.001974 1 2
57801.708134 0.000039 0.028559 0.001922 1 2
57801.708173 0.000039 0.029100 0.001617 1 2
57801.708212 0.000039 0.026860 0.001591 1 2
57801.708251 0.000039 0.027724 0.001577 1 2
57801.708290 0.000039 0.032650 0.001795 1 2
57801.708329 0.000039 0.028751 0.001715 1 2
57801.708368 0.000039 0.028121 0.001709 1 2
57801.708407 0.000039 0.030776 0.001751 1 2
57801.708446 0.000039 0.033501 0.001923 1 2
57801.708484 0.000039 0.024351 0.001688 1 2
57801.708523 0.000039 0.026721 0.001822 1 2
57801.708562 0.000039 0.031161 0.001631 1 2
57801.708601 0.000039 0.029544 0.001684 1 2
57801.708640 0.000039 0.031443 0.001696 1 2
57801.708679 0.000039 0.028161 0.001840 1 2
57801.708718 0.000039 0.026943 0.001952 1 2
57801.708757 0.000039 0.026804 0.002071 1 2
57801.708796 0.000039 0.027329 0.001826 1 2
57801.708835 0.000039 0.029524 0.001915 1 2
57801.708874 0.000039 0.030490 0.001781 1 2
57801.708913 0.000039 0.025484 0.001751 1 2
57801.708952 0.000039 0.031067 0.002002 1 2
57801.708991 0.000039 0.028777 0.002152 1 2
57801.709030 0.000039 0.030015 0.001828 1 2
57801.709069 0.000039 0.030016 0.002483 1 2
57801.709108 0.000039 0.027260 0.002000 1 2
57801.709147 0.000039 0.031478 0.001762 1 2
57801.709186 0.000039 0.030767 0.001834 1 2
57801.709225 0.000039 0.031356 0.002829 1 2
57801.709264 0.000039 0.030907 0.001812 1 2
57801.709303 0.000039 0.028826 0.001879 1 2
57801.709342 0.000039 0.033682 0.001789 1 2
57801.709381 0.000039 0.031768 0.001815 1 2
57801.709420 0.000039 0.030088 0.001658 1 2
57801.709459 0.000039 0.029264 0.001661 1 2
57801.709498 0.000039 0.029402 0.001584 1 2
57801.709537 0.000039 0.030796 0.001625 1 2
57801.709576 0.000039 0.031188 0.001909 1 2
57801.709615 0.000039 0.031443 0.001691 1 2
57801.709654 0.000039 0.031185 0.001729 1 2
57801.709693 0.000039 0.027233 0.001730 1 2
57801.709732 0.000039 0.027159 0.001924 1 2
57801.709771 0.000039 0.030131 0.002020 1 2
57801.709810 0.000039 0.027589 0.002036 1 2
57801.709849 0.000039 0.030218 0.001826 1 2
57801.709888 0.000039 0.031330 0.001803 1 2
57801.709926 0.000039 0.030747 0.001581 1 2
57801.709965 0.000039 0.030246 0.001524 1 2
57801.710004 0.000039 0.034309 0.001544 1 2
57801.710043 0.000039 0.033601 0.001575 1 2
57801.710082 0.000039 0.032378 0.001467 1 2
57801.710121 0.000039 0.032828 0.001571 1 2
57801.710160 0.000039 0.034606 0.001630 1 2
57801.710199 0.000039 0.031346 0.001599 1 2
57801.710238 0.000039 0.031172 0.001667 1 2
57801.710277 0.000039 0.034157 0.001679 1 2
57801.710316 0.000039 0.033051 0.001633 1 2
57801.710355 0.000039 0.032243 0.001549 1 2
57801.710394 0.000039 0.033962 0.001493 1 2
57801.710433 0.000039 0.034247 0.001624 1 2
57801.710472 0.000039 0.033428 0.001599 1 2
57801.710511 0.000039 0.033852 0.001620 1 2
57801.710550 0.000039 0.033225 0.001835 1 2
57801.710589 0.000039 0.032762 0.001571 1 2
57801.710628 0.000039 0.031161 0.001572 1 2
57801.710667 0.000039 0.032228 0.001500 1 2
57801.710706 0.000039 0.033417 0.001556 1 2
57801.710745 0.000039 0.032406 0.001521 1 2
57801.710784 0.000039 0.032117 0.001498 1 2
57801.710823 0.000039 0.033891 0.001553 1 2
57801.710862 0.000039 0.028809 0.001437 1 2
57801.710901 0.000039 0.032138 0.001391 1 2
57801.710940 0.000039 0.032671 0.001442 1 2
57801.710979 0.000039 0.032762 0.001477 1 2
57801.711018 0.000039 0.030024 0.001357 1 2
57801.711057 0.000039 0.028247 0.001410 1 2
57801.711096 0.000039 0.028224 0.001400 1 2
57801.711135 0.000039 0.029200 0.001479 1 2
57801.711174 0.000039 0.031304 0.001488 1 2
57801.711213 0.000039 0.032164 0.001483 1 2
57801.711252 0.000039 0.029732 0.001434 1 2
57801.711291 0.000039 0.029658 0.001397 1 2
57801.711330 0.000039 0.030597 0.001448 1 2
57801.711368 0.000039 0.033375 0.001544 1 2
57801.711407 0.000039 0.025872 0.001313 1 2
57801.711446 0.000039 0.033145 0.001446 1 2
57801.711485 0.000039 0.028509 0.001346 1 2
57801.711524 0.000039 0.029772 0.001427 1 2
57801.711563 0.000039 0.031819 0.001404 1 2
57801.711602 0.000039 0.029249 0.001388 1 2
57801.711641 0.000039 0.035158 0.001526 1 2
57801.711680 0.000039 0.032421 0.001505 1 2
57801.711719 0.000039 0.030697 0.001449 1 2
57801.711758 0.000039 0.032729 0.001454 1 2
57801.711797 0.000039 0.031542 0.001459 1 2
57801.711836 0.000039 0.030135 0.001445 1 2
57801.711875 0.000039 0.032500 0.001582 1 2
57801.711914 0.000039 0.030285 0.001482 1 2
57801.711953 0.000039 0.030281 0.001419 1 2
57801.711992 0.000039 0.030664 0.001471 1 2
57801.712031 0.000039 0.034218 0.001532 1 2
57801.712070 0.000039 0.030961 0.001418 1 2
57801.712109 0.000039 0.028726 0.001429 1 2
57801.712148 0.000039 0.033630 0.001506 1 2
57801.712187 0.000039 0.033678 0.001538 1 2
57801.712226 0.000039 0.030224 0.001401 1 2
57801.712265 0.000039 0.034695 0.001538 1 2
57801.712304 0.000039 0.029450 0.001457 1 2
57801.712343 0.000039 0.032005 0.001463 1 2
57801.712382 0.000039 0.032622 0.001532 1 2
57801.712421 0.000039 0.031803 0.001498 1 2
57801.712460 0.000039 0.031088 0.001556 1 2
57801.712499 0.000039 0.029966 0.001466 1 2
57801.712538 0.000039 0.028058 0.001554 1 2
57801.712577 0.000039 0.032384 0.001557 1 2
57801.712616 0.000039 0.030625 0.001498 1 2
57801.712655 0.000039 0.031707 0.001518 1 2
57801.712694 0.000039 0.031557 0.001510 1 2
57801.712733 0.000039 0.028268 0.001441 1 2
57801.712772 0.000039 0.028298 0.001494 1 2
57801.712810 0.000039 0.025798 0.001394 1 2
57801.712849 0.000039 0.030880 0.001470 1 2
57801.712888 0.000039 0.029497 0.001457 1 2
57801.712927 0.000039 0.029604 0.001433 1 2
57801.712966 0.000039 0.025170 0.001342 1 2
57801.713005 0.000039 0.028308 0.001344 1 2
57801.713044 0.000039 0.030200 0.001435 1 2
57801.713083 0.000039 0.026191 0.001343 1 2
57801.713122 0.000039 0.027009 0.001351 1 2
57801.713161 0.000039 0.030424 0.001507 1 2
57801.713200 0.000039 0.031897 0.001445 1 2
57801.713239 0.000039 0.031533 0.001527 1 2
57801.713278 0.000039 0.032477 0.001484 1 2
57801.713317 0.000039 0.031167 0.001507 1 2
57801.713356 0.000039 0.029083 0.001466 1 2
57801.713395 0.000039 0.028699 0.001434 1 2
57801.713434 0.000039 0.033924 0.001483 1 2
57801.713473 0.000039 0.030474 0.001531 1 2
57801.713512 0.000039 0.031430 0.001559 1 2
57801.713551 0.000039 0.031435 0.001554 1 2
57801.713590 0.000039 0.034137 0.001728 1 2
57801.713629 0.000039 0.028679 0.001621 1 2
57801.713668 0.000039 0.032525 0.001577 1 2
57801.713707 0.000039 0.030669 0.001703 1 2
57801.713746 0.000039 0.027376 0.001533 1 2
57801.713785 0.000039 0.032699 0.001536 1 2
57801.713824 0.000039 0.031501 0.001531 1 2
57801.713863 0.000039 0.029285 0.001600 1 2
57801.713902 0.000039 0.030629 0.001552 1 2
57801.713941 0.000039 0.030312 0.001617 1 2
57801.713980 0.000039 0.029940 0.001551 1 2
57801.714019 0.000039 0.029124 0.001639 1 2
57801.714058 0.000039 0.032691 0.001562 1 2
57801.714097 0.000039 0.029288 0.001513 1 2
57801.714136 0.000039 0.029888 0.001560 1 2
57801.714175 0.000039 0.026972 0.001443 1 2
57801.714214 0.000039 0.030402 0.001530 1 2
57801.714252 0.000039 0.027837 0.001514 1 2
57801.714291 0.000039 0.029470 0.001432 1 2
57801.714330 0.000039 0.030124 0.001503 1 2
57801.714369 0.000039 0.029679 0.001484 1 2
57801.714408 0.000039 0.029201 0.001576 1 2
57801.714447 0.000039 0.027375 0.001561 1 2
57801.714486 0.000039 0.029766 0.001618 1 2
57801.714525 0.000039 0.029252 0.001587 1 2
57801.714564 0.000039 0.025172 0.001514 1 2
57801.714603 0.000039 0.031033 0.001526 1 2
57801.714642 0.000039 0.027831 0.001611 1 2
57801.714681 0.000039 0.024433 0.001579 1 2
57801.714720 0.000039 0.028696 0.001729 1 2
57801.714759 0.000039 0.027080 0.001801 1 2
57801.714798 0.000039 0.028738 0.001931 1 2
57801.714837 0.000039 0.027922 0.001782 1 2
57801.714876 0.000039 0.029444 0.002057 1 2
57801.714915 0.000039 0.027692 0.001659 1 2
57801.714954 0.000039 0.027728 0.001520 1 2
57801.714993 0.000039 0.029964 0.001649 1 2
57801.715032 0.000039 0.028734 0.001459 1 2
57801.715071 0.000039 0.031118 0.001587 1 2
57801.715110 0.000039 0.026006 0.001568 1 2
57801.715149 0.000039 0.028920 0.001561 1 2
57801.715188 0.000039 0.025691 0.001658 1 2
57801.715227 0.000039 0.030510 0.001645 1 2
57801.715266 0.000039 0.027411 0.001662 1 2
57801.715305 0.000039 0.029042 0.001719 1 2
57801.715344 0.000039 0.030361 0.001759 1 2
57801.715383 0.000039 0.027887 0.001803 1 2
57801.715422 0.000039 0.029616 0.001548 1 2
57801.715461 0.000039 0.029985 0.001751 1 2
57801.715500 0.000039 0.027563 0.001857 1 2
57801.715539 0.000039 0.025851 0.001930 1 2
57801.715578 0.000039 0.029367 0.001945 1 2
57801.715617 0.000039 0.030664 0.001978 1 2
57801.715656 0.000039 0.029815 0.002050 1 2
57801.715694 0.000039 0.027279 0.001980 1 2
57801.715733 0.000039 0.028216 0.001921 1 2
57801.715772 0.000039 0.027360 0.002217 1 2
57801.715811 0.000039 0.024049 0.002482 1 2
57801.715850 0.000039 0.026309 0.001931 1 2
57801.715889 0.000039 0.027243 0.001756 1 2
57801.715928 0.000039 0.030266 0.001840 1 2
57801.715967 0.000039 0.029202 0.001657 1 2
57801.716006 0.000039 0.026885 0.001753 1 2
57801.716045 0.000039 0.025263 0.001734 1 2
57801.716084 0.000039 0.025546 0.001827 1 2
57801.716123 0.000039 0.026264 0.001953 1 2
57801.716162 0.000039 0.028097 0.001642 1 2
57801.716201 0.000039 0.028189 0.001635 1 2
57801.716240 0.000039 0.024306 0.001658 1 2
57801.716279 0.000039 0.024502 0.001607 1 2
57801.716318 0.000039 0.023516 0.001632 1 2
57801.716357 0.000039 0.024130 0.001740 1 2
57801.716396 0.000039 0.023123 0.001825 1 2
57801.716435 0.000039 0.029565 0.002041 1 2
57801.716474 0.000039 0.027634 0.001945 1 2
57801.716513 0.000039 0.025125 0.002120 1 2
57801.716552 0.000039 0.022304 0.002219 1 2
57801.716591 0.000039 0.027202 0.002127 1 2
57801.716630 0.000039 0.024112 0.002278 1 2
57801.716669 0.000039 0.023993 0.002220 1 2
57801.716708 0.000039 0.027205 0.001781 1 2
57801.716747 0.000039 0.025162 0.001795 1 2
57801.716786 0.000039 0.025316 0.001950 1 2
57801.716825 0.000039 0.025737 0.002002 1 2
57801.716864 0.000039 0.022749 0.001876 1 2
57801.716903 0.000039 0.026752 0.001537 1 2
57801.716942 0.000039 0.029339 0.001588 1 2
57801.716981 0.000039 0.022930 0.001616 1 2
57801.717020 0.000039 0.025629 0.001616 1 2
57801.717059 0.000039 0.022174 0.001545 1 2
57801.717098 0.000039 0.028887 0.001701 1 2
57801.717136 0.000039 0.027340 0.001670 1 2
57801.717175 0.000039 0.027650 0.001742 1 2
57801.717214 0.000039 0.026171 0.001675 1 2
57801.717253 0.000039 0.027821 0.001668 1 2
57801.717292 0.000039 0.027147 0.001602 1 2
57801.717331 0.000039 0.026794 0.001706 1 2
57801.717370 0.000039 0.025459 0.001563 1 2
57801.717409 0.000039 0.028165 0.001711 1 2
57801.717448 0.000039 0.025475 0.002068 1 2
57801.717487 0.000039 0.026115 0.001734 1 2
57801.717526 0.000039 0.029537 0.001855 1 2
57801.717565 0.000039 0.030003 0.001804 1 2
57801.717604 0.000039 0.027440 0.001742 1 2
57801.717643 0.000039 0.025530 0.001703 1 2
57801.717682 0.000039 0.027982 0.001705 1 2
57801.717721 0.000039 0.026069 0.001733 1 2
57801.717760 0.000039 0.026738 0.001706 1 2
57801.717799 0.000039 0.024507 0.001921 1 2
57801.717838 0.000039 0.027044 0.001772 1 2
57801.717877 0.000039 0.026483 0.001797 1 2
57801.717916 0.000039 0.024125 0.001585 1 2
57801.717955 0.000039 0.026670 0.001923 1 2
57801.717994 0.000039 0.027196 0.001885 1 2
57801.718033 0.000039 0.027241 0.001641 1 2
57801.718072 0.000039 0.029114 0.001729 1 2
57801.718111 0.000039 0.026989 0.001834 1 2
57801.718150 0.000039 0.027780 0.001708 1 2
57801.718189 0.000039 0.031429 0.001686 1 2
57801.718228 0.000039 0.029567 0.001764 1 2
57801.718267 0.000039 0.029657 0.001830 1 2
57801.718306 0.000039 0.027803 0.001757 1 2
57801.718345 0.000039 0.027594 0.001771 1 2
57801.718384 0.000039 0.028509 0.001830 1 2
57801.718423 0.000039 0.027399 0.001772 1 2
57801.718462 0.000039 0.030949 0.002013 1 2
57801.718501 0.000039 0.027472 0.001946 1 2
57801.718540 0.000039 0.022844 0.002192 1 2
57801.718578 0.000039 0.028751 0.002181 1 2
57801.718617 0.000039 0.027322 0.002309 1 2
57801.718656 0.000039 0.023675 0.001889 1 2
57801.718695 0.000039 0.026237 0.002183 1 2
57801.718734 0.000039 0.025551 0.002275 1 2
57801.718773 0.000039 0.024192 0.002295 1 2
57801.718812 0.000039 0.026127 0.002383 1 2
57801.718851 0.000039 0.029446 0.003213 1 2
57801.718890 0.000039 0.027096 0.002591 1 2
57801.718929 0.000039 0.027340 0.002114 1 2
57801.718968 0.000039 0.025315 0.002223 1 2
57801.719007 0.000039 0.030513 0.002155 1 2
57801.719046 0.000039 0.030141 0.002210 1 2
57801.719085 0.000039 0.026883 0.002049 1 2
57801.719124 0.000039 0.027213 0.002156 1 2
57801.719163 0.000039 0.028513 0.002564 1 2
57801.719202 0.000039 0.029233 0.002046 1 2
57801.719241 0.000039 0.029370 0.002126 1 2
57801.719280 0.000039 0.022605 0.002695 1 2
57801.719319 0.000039 0.024880 0.002752 1 2
57801.719358 0.000039 0.028010 0.002453 1 2
57801.719397 0.000039 0.024154 0.003167 1 2
57801.719436 0.000039 0.024684 0.002480 1 2
57801.719475 0.000039 0.024160 0.002529 1 2
57801.719514 0.000039 0.026722 0.002896 1 2
57801.719553 0.000039 0.020201 0.002303 1 2
57801.719592 0.000039 0.025729 0.002234 1 2
57801.719631 0.000039 0.027351 0.002415 1 2
57801.719670 0.000039 0.024416 0.002438 1 2
57801.719709 0.000039 0.025396 0.002059 1 2
57801.719748 0.000039 0.026831 0.002516 1 2
57801.719787 0.000039 0.030806 0.002501 1 2
57801.719826 0.000039 0.026495 0.002036 1 2
57801.719865 0.000039 0.031298 0.001994 1 2
57801.719904 0.000039 0.029519 0.002364 1 2
57801.719943 0.000039 0.022407 0.002258 1 2
57801.719982 0.000039 0.027667 0.002084 1 2
57801.720020 0.000039 0.023939 0.001958 1 2
57801.720059 0.000039 0.022012 0.002074 1 2
57801.720098 0.000039 0.027429 0.002066 1 2
57801.720137 0.000039 0.025492 0.002410 1 2
57801.720176 0.000039 0.028042 0.002153 1 2
57801.720215 0.000039 0.022942 0.002123 1 2
57801.720254 0.000039 0.026275 0.002337 1 2
57801.720293 0.000039 0.023082 0.002118 1 2
57801.720332 0.000039 0.023935 0.002016 1 2
57801.720371 0.000039 0.018564 0.002115 1 2
57801.720410 0.000039 0.026145 0.002387 1 2
57801.720449 0.000039 0.026431 0.002208 1 2
57801.720488 0.000039 0.020209 0.002208 1 2
57801.720527 0.000039 0.021802 0.002203 1 2
57801.720566 0.000039 0.026546 0.002534 1 2
57801.720605 0.000039 0.023521 0.002737 1 2
57801.720644 0.000039 0.024517 0.002321 1 2
57801.720683 0.000039 0.021622 0.002856 1 2
57801.720722 0.000039 0.025797 0.002173 1 2
57801.720761 0.000039 0.019822 0.002542 1 2
57801.720800 0.000039 0.027061 0.002363 1 2
57801.720839 0.000039 0.022705 0.002623 1 2
57801.720878 0.000039 0.024955 0.002306 1 2
57801.720917 0.000039 0.022358 0.002112 1 2
57801.720956 0.000039 0.021656 0.002065 1 2
57801.720995 0.000039 0.024519 0.001886 1 2
57801.721034 0.000039 0.020899 0.002078 1 2
57801.721073 0.000039 0.021354 0.002141 1 2
57801.721112 0.000039 0.024257 0.002115 1 2
57801.721151 0.000039 0.025003 0.001951 1 2
57801.721190 0.000039 0.021382 0.001991 1 2
57801.721229 0.000039 0.024433 0.002012 1 2
57801.721268 0.000039 0.022843 0.002081 1 2
57801.721307 0.000039 0.019025 0.002342 1 2
57801.721346 0.000039 0.022787 0.002192 1 2
57801.721385 0.000039 0.024332 0.002006 1 2
57801.721424 0.000039 0.021705 0.001978 1 2
57801.721462 0.000039 0.021256 0.002155 1 2
57801.721501 0.000039 0.022497 0.002093 1 2
57801.721540 0.000039 0.023919 0.002043 1 2
57801.721579 0.000039 0.024041 0.001978 1 2
57801.721618 0.000039 0.023000 0.001934 1 2
57801.721657 0.000039 0.027245 0.001759 1 2
57801.721696 0.000039 0.022323 0.001982 1 2
57801.721735 0.000039 0.021029 0.001892 1 2
57801.721774 0.000039 0.022970 0.001957 1 2
57801.721813 0.000039 0.023344 0.002107 1 2
57801.721852 0.000039 0.023965 0.001935 1 2
57801.721891 0.000039 0.027749 0.002098 1 2
57801.721930 0.000039 0.029314 0.002073 1 2
57801.721969 0.000039 0.023266 0.002273 1 2
57801.722008 0.000039 0.018184 0.002973 1 2
57801.722047 0.000039 0.026865 0.002968 1 2
57801.722086 0.000039 0.026673 0.002370 1 2
57801.722125 0.000039 0.030090 0.002673 1 2
57801.722164 0.000039 0.025159 0.002528 1 2
57801.722203 0.000039 0.026024 0.002156 1 2
57801.722242 0.000039 0.022139 0.002532 1 2
57801.722281 0.000039 0.026845 0.002281 1 2
57801.722320 0.000039 0.028121 0.002626 1 2
57801.722359 0.000039 0.025516 0.002090 1 2
57801.722398 0.000039 0.026743 0.001975 1 2
57801.722437 0.000039 0.023647 0.002289 1 2
57801.722476 0.000039 0.029070 0.001861 1 2
57801.722515 0.000039 0.023847 0.001885 1 2
57801.722554 0.000039 0.024315 0.002112 1 2
57801.722593 0.000039 0.028166 0.002165 1 2
57801.722632 0.000039 0.025710 0.001869 1 2
57801.722671 0.000039 0.025177 0.001860 1 2
57801.722710 0.000039 0.024393 0.002073 1 2
57801.722749 0.000039 0.027378 0.002088 1 2
57801.722788 0.000039 0.025975 0.002152 1 2
57801.722827 0.000039 0.027355 0.002102 1 2
57801.722866 0.000039 0.021905 0.002350 1 2
57801.722904 0.000039 0.019576 0.001980 1 2
57801.722943 0.000039 0.024592 0.001931 1 2
57801.722982 0.000039 0.021086 0.002862 1 2
57801.723021 0.000039 0.024612 0.003104 1 2
57801.723060 0.000039 0.028075 0.002753 1 2
57801.723099 0.000039 0.027036 0.002769 1 2
57801.723138 0.000039 0.024276 0.002708 1 2
57801.723177 0.000039 0.027057 0.002569 1 2
57801.723216 0.000039 0.029012 0.002704 1 2
57801.723255 0.000039 0.023902 0.002749 1 2
57801.723294 0.000039 0.028408 0.002430 1 2
57801.723333 0.000039 0.025461 0.002650 1 2
57801.723372 0.000039 0.027502 0.002247 1 2
57801.723411 0.000039 0.024938 0.002412 1 2
57801.723450 0.000039 0.023592 0.002176 1 2
57801.723489 0.000039 0.023247 0.002175 1 2
57801.723528 0.000039 0.025347 0.002410 1 2
57801.723567 0.000039 0.022317 0.002493 1 2
57801.723606 0.000039 0.024411 0.002405 1 2
57801.723645 0.000039 0.025680 0.002732 1 2
57801.723684 0.000039 0.029767 0.002546 1 2
57801.723723 0.000039 0.031358 0.002274 1 2
57801.723762 0.000039 0.027968 0.002073 1 2
57801.723801 0.000039 0.026573 0.002251 1 2
57801.723840 0.000039 0.025027 0.002404 1 2
57801.723879 0.000039 0.030213 0.002038 1 2
57801.723918 0.000039 0.028146 0.002344 1 2
57801.723957 0.000039 0.027022 0.002344 1 2
57801.723996 0.000039 0.030045 0.003029 1 2
57801.724035 0.000039 0.029219 0.002439 1 2
57801.724074 0.000039 0.022448 0.002406 1 2
57801.724113 0.000039 0.028820 0.002710 1 2
57801.724152 0.000039 0.026086 0.002397 1 2
57801.724191 0.000039 0.027658 0.002247 1 2
57801.724230 0.000039 0.023930 0.001974 1 2
57801.724269 0.000039 0.029913 0.002175 1 2
57801.724308 0.000039 0.028096 0.002130 1 2
57801.724346 0.000039 0.031850 0.002544 1 2
57801.724385 0.000039 0.030668 0.002551 1 2
57801.724424 0.000039 0.031029 0.002412 1 2
57801.724463 0.000039 0.025748 0.002466 1 2
57801.724502 0.000039 0.024660 0.002341 1 2
57801.724541 0.000039 0.029381 0.001982 1 2
57801.724580 0.000039 0.028066 0.001909 1 2
57801.724619 0.000039 0.027865 0.001826 1 2
57801.724658 0.000039 0.033306 0.002125 1 2
57801.724697 0.000039 0.031064 0.002152 1 2
57801.724736 0.000039 0.029693 0.002057 1 2
57801.724775 0.000039 0.029744 0.002298 1 2
57801.724814 0.000039 0.028134 0.002300 1 2
57801.724853 0.000039 0.026080 0.002246 1 2
57801.724892 0.000039 0.028128 0.002030 1 2
57801.724931 0.000039 0.028862 0.002088 1 2
57801.724970 0.000039 0.028382 0.002098 1 2
57801.725009 0.000039 0.028465 0.001900 1 2
57801.725048 0.000039 0.027866 0.002003 1 2
57801.725087 0.000039 0.028866 0.002064 1 2
57801.725126 0.000039 0.026235 0.002314 1 2
57801.725165 0.000039 0.026033 0.001928 1 2
57801.725204 0.000039 0.018690 0.002005 1 2
57801.725243 0.000039 0.017538 0.001896 1 2
57801.725282 0.000039 0.013593 0.002273 1 2
57801.725321 0.000039 0.009923 0.001881 1 2
57801.725360 0.000039 0.007525 0.001881 1 2
57801.725399 0.000039 0.007589 0.002013 1 2
57801.725438 0.000039 0.006932 0.001991 1 2
57801.725477 0.000039 0.006540 0.002211 1 2
57801.725516 0.000039 0.005967 0.002421 1 2
57801.725555 0.000039 0.002820 0.002113 1 2
57801.725594 0.000039 0.002278 0.002233 1 2
57801.725633 0.000039 0.001437 0.001819 1 2
57801.725672 0.000039 0.003867 0.002305 1 2
57801.725711 0.000039 -0.001559 -0.002086 1 2
57801.725750 0.000039 0.002483 0.001681 1 2
57801.725788 0.000039 0.002640 0.001950 1 2
57801.725827 0.000039 0.001481 0.001964 1 2
57801.725866 0.000039 0.002823 0.001689 1 2
57801.725905 0.000039 -0.000804 -0.001926 1 2
57801.725944 0.000039 0.003187 0.001822 1 2
57801.725983 0.000039 0.000295 0.001750 1 2
57801.726022 0.000039 0.000210 0.002036 1 2
57801.726061 0.000039 0.002006 0.001922 1 2
57801.726100 0.000039 0.000468 0.002234 1 2
57801.726139 0.000039 0.001392 0.002583 1 2
57801.726178 0.000039 -0.000047 -0.002480 1 2
57801.726217 0.000039 0.002575 0.002190 1 2
57801.726256 0.000039 0.000149 0.001943 1 2
57801.726295 0.000039 0.001238 0.001943 1 2
57801.726334 0.000039 0.002903 0.002051 1 2
57801.726373 0.000039 -0.000349 -0.002272 1 2
57801.726412 0.000039 0.001098 0.001830 1 2
57801.726451 0.000039 -0.001041 -0.001968 1 2
57801.726490 0.000039 0.001561 0.001818 1 2
57801.726529 0.000039 0.000093 0.001995 1 2
57801.726568 0.000039 0.000769 0.002027 1 2
57801.726607 0.000039 0.003142 0.002076 1 2
57801.726646 0.000039 0.000291 0.002139 1 2
57801.726685 0.000039 -0.000742 -0.001933 1 2
57801.726724 0.000039 0.003174 0.001870 1 2
57801.726763 0.000039 -0.000413 -0.001758 1 2
57801.726802 0.000039 -0.001411 -0.002000 1 2
57801.726841 0.000039 0.004775 0.002025 1 2
57801.726880 0.000039 0.001405 0.001920 1 2
57801.726919 0.000039 0.002406 0.002203 1 2
57801.726958 0.000039 0.004885 0.002571 1 2
57801.726997 0.000039 -0.007958 -0.002039 1 2
57801.727036 0.000039 -0.002615 -0.002594 1 2
57801.727075 0.000039 -0.003202 -0.002719 1 2
57801.727114 0.000039 -0.002230 -0.002441 1 2
57801.727153 0.000039 -0.000536 -0.002069 1 2
57801.727192 0.000039 -0.000050 -0.002358 1 2
57801.727230 0.000039 0.001385 0.002001 1 2
57801.727269 0.000039 0.000169 0.001760 1 2
57801.727308 0.000039 0.001748 0.001972 1 2
57801.727347 0.000039 -0.002896 -0.002020 1 2
57801.727386 0.000039 -0.000569 -0.001980 1 2
57801.727425 0.000039 0.003444 0.001941 1 2
57801.727464 0.000039 -0.003013 -0.001711 1 2
57801.727503 0.000039 0.002085 0.001781 1 2
57801.727542 0.000039 0.003857 0.001756 1 2
57801.727581 0.000039 0.007202 0.001872 1 2
57801.727620 0.000039 0.009477 0.001964 1 2
57801.727659 0.000039 0.000773 0.002144 1 2
57801.727698 0.000039 0.011866 0.002077 1 2
57801.727737 0.000039 0.009677 0.002045 1 2
57801.727776 0.000039 0.010733 0.002098 1 2
57801.727815 0.000039 0.010515 0.002155 1 2
57801.727854 0.000039 0.016393 0.002126 1 2
57801.727893 0.000039 0.022728 0.001896 1 2
57801.727932 0.000039 0.021447 0.002028 1 2
57801.727971 0.000039 0.022518 0.002101 1 2
57801.728010 0.000039 0.024263 0.002242 1 2
57801.728049 0.000039 0.023110 0.002170 1 2
57801.728088 0.000039 0.022688 0.002345 1 2
57801.728127 0.000039 0.021824 0.002169 1 2
57801.728166 0.000039 0.026045 0.002208 1 2
57801.728205 0.000039 0.024731 0.002310 1 2
57801.728244 0.000039 0.029517 0.002486 1 2
57801.728283 0.000039 0.027204 0.002144 1 2
57801.728322 0.000039 0.025104 0.002411 1 2
57801.728361 0.000039 0.027488 0.002445 1 2
57801.728400 0.000039 0.025433 0.002370 1 2
57801.728439 0.000039 0.025714 0.002331 1 2
57801.728478 0.000039 0.025104 0.002210 1 2
57801.728517 0.000039 0.022978 0.002171 1 2
57801.728556 0.000039 0.021679 0.002181 1 2
57801.728595 0.000039 0.030872 0.002357 1 2
57801.728634 0.000039 0.024666 0.002036 1 2
57801.728672 0.000039 0.024162 0.001994 1 2
57801.728711 0.000039 0.024733 0.002070 1 2
57801.728750 0.000039 0.025990 0.002145 1 2
57801.728789 0.000039 0.025441 0.001998 1 2
57801.728828 0.000039 0.028544 0.002073 1 2
57801.728867 0.000039 0.023281 0.002304 1 2
57801.728906 0.000039 0.024407 0.002135 1 2
57801.728945 0.000039 0.025868 0.001957 1 2
57801.728984 0.000039 0.023648 0.001937 1 2
57801.729023 0.000039 0.026408 0.002088 1 2
57801.729062 0.000039 0.024950 0.002275 1 2
57801.729101 0.000039 0.023392 0.002133 1 2
57801.729140 0.000039 0.026161 0.001815 1 2
57801.729179 0.000039 0.023351 0.001977 1 2
57801.729218 0.000039 0.028069 0.002180 1 2
57801.729257 0.000039 0.024492 0.002113 1 2
57801.729296 0.000039 0.020789 0.002292 1 2
57801.729335 0.000039 0.027527 0.002144 1 2
57801.729374 0.000039 0.027297 0.002095 1 2
57801.729413 0.000039 0.026181 0.002278 1 2
57801.729452 0.000039 0.027757 0.002498 1 2
57801.729491 0.000039 0.024025 0.002497 1 2
57801.729530 0.000039 0.026825 0.002205 1 2
57801.729569 0.000039 0.026061 0.002235 1 2
57801.729608 0.000039 0.023805 0.002159 1 2
57801.729647 0.000039 0.027139 0.002132 1 2
57801.729686 0.000039 0.018785 0.002185 1 2
57801.729725 0.000039 0.027950 0.002000 1 2
57801.729764 0.000039 0.031229 0.002322 1 2
57801.729803 0.000039 0.030927 0.002942 1 2
57801.729842 0.000039 0.026579 0.002576 1 2
57801.729881 0.000039 0.025429 0.002672 1 2
57801.729920 0.000039 0.027524 0.002379 1 2
57801.729959 0.000039 0.030966 0.002474 1 2
57801.729998 0.000039 0.031345 0.002302 1 2
57801.730037 0.000039 0.027678 0.002091 1 2
57801.730076 0.000039 0.030331 0.002168 1 2
57801.730114 0.000039 0.027964 0.002051 1 2
57801.730153 0.000039 0.030608 0.002116 1 2
57801.730192 0.000039 0.026144 0.002348 1 2
57801.730231 0.000039 0.029076 0.001985 1 2
57801.730270 0.000039 0.027205 0.001974 1 2
57801.730309 0.000039 0.026570 0.002047 1 2
57801.730348 0.000039 0.029235 0.001945 1 2
57801.730387 0.000039 0.028408 0.001877 1 2
57801.730426 0.000039 0.025766 0.001808 1 2
57801.730465 0.000039 0.025678 0.001722 1 2
57801.730504 0.000039 0.028780 0.001833 1 2
57801.730543 0.000039 0.026996 0.001927 1 2
57801.730582 0.000039 0.028252 0.001931 1 2
57801.730621 0.000039 0.030927 0.001905 1 2
57801.730660 0.000039 0.027433 0.001689 1 2
57801.730699 0.000039 0.026678 0.001758 1 2
57801.730738 0.000039 0.027106 0.001762 1 2
57801.730777 0.000039 0.029106 0.001819 1 2
57801.730816 0.000039 0.029188 0.002072 1 2
57801.730855 0.000039 0.022858 0.001938 1 2
57801.730894 0.000039 0.026452 0.001742 1 2
57801.730933 0.000039 0.024752 0.001671 1 2
57801.730972 0.000039 0.029761 0.001589 1 2
57801.731011 0.000039 0.028942 0.001816 1 2
57801.731050 0.000039 0.023059 0.001684 1 2
57801.731089 0.000039 0.024372 0.002002 1 2
57801.731128 0.000039 0.023973 0.001851 1 2
57801.731167 0.000039 0.023863 0.001736 1 2
57801.731206 0.000039 0.023906 0.001618 1 2
57801.731245 0.000039 0.028007 0.001680 1 2
57801.731284 0.000039 0.027099 0.001808 1 2
57801.731323 0.000039 0.025118 0.001723 1 2
57801.731362 0.000039 0.023654 0.001628 1 2
57801.731401 0.000039 0.027483 0.001601 1 2
57801.731440 0.000039 0.028514 0.001652 1 2
57801.731479 0.000039 0.029189 0.001739 1 2
57801.731518 0.000039 0.025653 0.001605 1 2
57801.731556 0.000039 0.026389 0.001768 1 2
57801.731595 0.000039 0.026155 0.001836 1 2
57801.731634 0.000039 0.027249 0.001754 1 2
57801.731673 0.000039 0.030251 0.002028 1 2
57801.731712 0.000039 0.025923 0.001723 1 2
57801.731751 0.000039 0.027992 0.001938 1 2
57801.731790 0.000039 0.024141 0.001734 1 2
57801.731829 0.000039 0.028191 0.001716 1 2
57801.731868 0.000039 0.027751 0.001916 1 2
57801.731907 0.000039 0.025497 0.002003 1 2
57801.731946 0.000039 0.027216 0.001893 1 2
57801.731985 0.000039 0.024775 0.001912 1 2
57801.732024 0.000039 0.030044 0.001823 1 2
57801.732063 0.000039 0.027832 0.001691 1 2
57801.732102 0.000039 0.026270 0.001933 1 2
57801.732141 0.000039 0.032090 0.002667 1 2
57801.732180 0.000039 0.027258 0.002350 1 2
57801.732219 0.000039 0.029399 0.001716 1 2
57801.732258 0.000039 0.028764 0.001682 1 2
57801.732297 0.000039 0.027853 0.001764 1 2
57801.732336 0.000039 0.027566 0.001956 1 2
57801.732375 0.000039 0.027123 0.001967 1 2
57801.732414 0.000039 0.026227 0.001792 1 2
57801.732453 0.000039 0.028760 0.001773 1 2
57801.732492 0.000039 0.028118 0.001782 1 2
57801.732531 0.000039 0.028713 0.001676 1 2
57801.732570 0.000039 0.031736 0.001776 1 2
57801.732609 0.000039 0.030425 0.001770 1 2
57801.732648 0.000039 0.030256 0.001750 1 2
57801.732687 0.000039 0.029210 0.001673 1 2
57801.732726 0.000039 0.032785 0.001668 1 2
57801.732765 0.000039 0.030017 0.001701 1 2
57801.732804 0.000039 0.027147 0.001544 1 2
57801.732843 0.000039 0.025686 0.001656 1 2
57801.732882 0.000039 0.026477 0.001800 1 2
57801.732921 0.000039 0.025278 0.001687 1 2
57801.732960 0.000039 0.026452 0.001541 1 2
57801.732998 0.000039 0.025912 0.001611 1 2
57801.733037 0.000039 0.024786 0.001677 1 2
57801.733076 0.000039 0.025872 0.001561 1 2
57801.733115 0.000039 0.027293 0.001615 1 2
57801.733154 0.000039 0.025294 0.001534 1 2
57801.733193 0.000039 0.027790 0.001579 1 2
57801.733232 0.000039 0.026705 0.001742 1 2
57801.733271 0.000039 0.024242 0.001602 1 2
57801.733310 0.000039 0.025181 0.001553 1 2
57801.733349 0.000039 0.023016 0.001573 1 2
57801.733388 0.000039 0.025618 0.001592 1 2
57801.733427 0.000039 0.028672 0.001618 1 2
57801.733466 0.000039 0.029634 0.001590 1 2
57801.733505 0.000039 0.029908 0.001638 1 2
57801.733544 0.000039 0.024935 0.001604 1 2
57801.733583 0.000039 0.027301 0.001627 1 2
57801.733622 0.000039 0.028220 0.001629 1 2
57801.733661 0.000039 0.030494 0.001660 1 2
57801.733700 0.000039 0.028078 0.001749 1 2
57801.733739 0.000039 0.030411 0.001697 1 2
57801.733778 0.000039 0.029358 0.001725 1 2
57801.733817 0.000039 0.029768 0.001713 1 2
57801.733856 0.000039 0.026626 0.001779 1 2
57801.733895 0.000039 0.031953 0.001810 1 2
57801.733934 0.000039 0.027221 0.001776 1 2
57801.733973 0.000039 0.023523 0.001606 1 2
57801.734012 0.000039 0.026605 0.001596 1 2
57801.734051 0.000039 0.026820 0.001691 1 2
57801.734090 0.000039 0.024621 0.001631 1 2
57801.734129 0.000039 0.026714 0.001602 1 2
57801.734168 0.000039 0.028105 0.001525 1 2
57801.734207 0.000039 0.026509 0.001572 1 2
57801.734246 0.000039 0.028260 0.001649 1 2
57801.734285 0.000039 0.028846 0.001579 1 2
57801.734324 0.000039 0.028046 0.001532 1 2
57801.734363 0.000039 0.029869 0.001528 1 2
57801.734402 0.000039 0.024242 0.001530 1 2
57801.734440 0.000039 0.023983 0.001495 1 2
57801.734479 0.000039 0.026813 0.001478 1 2
57801.734518 0.000039 0.027109 0.001518 1 2
57801.734557 0.000039 0.027694 0.001542 1 2
57801.734596 0.000039 0.024063 0.001463 1 2
57801.734635 0.000039 0.027325 0.001510 1 2
57801.734674 0.000039 0.023642 0.001437 1 2
57801.734713 0.000039 0.027225 0.001576 1 2
57801.734752 0.000039 0.025245 0.001542 1 2
57801.734791 0.000039 0.028488 0.001553 1 2
57801.734830 0.000039 0.023316 0.001703 1 2
57801.734869 0.000039 0.028014 0.001632 1 2
57801.734908 0.000039 0.023682 0.001519 1 2
57801.734947 0.000039 0.028002 0.001588 1 2
57801.734986 0.000039 0.026911 0.001498 1 2
57801.735025 0.000039 0.026858 0.001584 1 2
57801.735064 0.000039 0.026264 0.001608 1 2
57801.735103 0.000039 0.023783 0.001689 1 2
57801.735142 0.000039 0.024986 0.001605 1 2
57801.735181 0.000039 0.026216 0.001536 1 2
57801.735220 0.000039 0.025051 0.001601 1 2
57801.735259 0.000039 0.027899 0.001592 1 2
57801.735298 0.000039 0.026224 0.001557 1 2
57801.735337 0.000039 0.026268 0.001536 1 2
57801.735376 0.000039 0.024973 0.001555 1 2
57801.735415 0.000039 0.026297 0.001532 1 2
57801.735454 0.000039 0.024314 0.001552 1 2
57801.735493 0.000039 0.024891 0.001529 1 2
57801.735532 0.000039 0.028927 0.001591 1 2
57801.735571 0.000039 0.028988 0.001663 1 2
57801.735610 0.000039 0.027154 0.001586 1 2
57801.735649 0.000039 0.029012 0.001568 1 2
57801.735688 0.000039 0.026793 0.001573 1 2
57801.735727 0.000039 0.026018 0.001635 1 2
57801.735766 0.000039 0.025506 0.001546 1 2
57801.735805 0.000039 0.023767 0.001452 1 2
57801.735844 0.000039 0.024487 0.001633 1 2
57801.735882 0.000039 0.025649 0.001607 1 2
57801.735921 0.000039 0.025205 0.001398 1 2
57801.735960 0.000039 0.023393 0.001434 1 2
57801.735999 0.000039 0.026240 0.001496 1 2
57801.736038 0.000039 0.027823 0.001582 1 2
57801.736077 0.000039 0.023746 0.001629 1 2
57801.736116 0.000039 0.026498 0.001740 1 2
57801.736155 0.000039 0.024086 0.001554 1 2
57801.736194 0.000039 0.027426 0.001707 1 2
57801.736233 0.000039 0.024354 0.001694 1 2
57801.736272 0.000039 0.022368 0.001767 1 2
57801.736311 0.000039 0.027111 0.001711 1 2
57801.736350 0.000039 0.025728 0.001564 1 2
57801.736389 0.000039 0.027215 0.001684 1 2
57801.736428 0.000039 0.026490 0.001698 1 2
57801.736467 0.000039 0.027701 0.001781 1 2
57801.736506 0.000039 0.024790 0.001628 1 2
57801.736545 0.000039 0.027733 0.001640 1 2
57801.736584 0.000039 0.027625 0.001693 1 2
57801.736623 0.000039 0.022619 0.001534 1 2
57801.736662 0.000039 0.025689 0.001701 1 2
57801.736701 0.000039 0.025142 0.001645 1 2
57801.736740 0.000039 0.026133 0.001723 1 2
57801.736779 0.000039 0.021907 0.001539 1 2
57801.736818 0.000039 0.025960 0.001740 1 2
57801.736857 0.000039 0.026165 0.001740 1 2
57801.736896 0.000039 0.025414 0.001626 1 2
57801.736935 0.000039 0.026481 0.001699 1 2
57801.736974 0.000039 0.026068 0.001593 1 2
57801.737013 0.000039 0.024037 0.001563 1 2
57801.737052 0.000039 0.027275 0.001604 1 2
57801.737091 0.000039 0.028088 0.001486 1 2
57801.737130 0.000039 0.024561 0.001603 1 2
57801.737169 0.000039 0.027593 0.001594 1 2
57801.737208 0.000039 0.025676 0.001551 1 2
57801.737247 0.000039 0.026631 0.001583 1 2
57801.737286 0.000039 0.028743 0.001673 1 2
57801.737324 0.000039 0.024555 0.001556 1 2
57801.737363 0.000039 0.025665 0.001557 1 2
57801.737402 0.000039 0.027580 0.001612 1 2
57801.737441 0.000039 0.027048 0.001627 1 2
57801.737480 0.000039 0.028494 0.001546 1 2
57801.737519 0.000039 0.024308 0.001566 1 2
57801.737558 0.000039 0.026443 0.001541 1 2
57801.737597 0.000039 0.026353 0.001590 1 2
57801.737636 0.000039 0.024626 0.001625 1 2
57801.737675 0.000039 0.024762 0.001584 1 2
57801.737714 0.000039 0.026715 0.001564 1 2
57801.737753 0.000039 0.025928 0.001478 1 2
57801.737792 0.000039 0.023879 0.001495 1 2
57801.737831 0.000039 0.025114 0.001476 1 2
57801.737870 0.000039 0.023996 0.001487 1 2
57801.737909 0.000039 0.025901 0.001571 1 2
57801.737948 0.000039 0.022832 0.001601 1 2
57801.737987 0.000039 0.024692 0.001560 1 2
57801.738026 0.000039 0.025853 0.001592 1 2
57801.738065 0.000039 0.027830 0.001557 1 2
57801.738104 0.000039 0.026383 0.001566 1 2
57801.738143 0.000039 0.024468 0.001512 1 2
57801.738182 0.000039 -0.006660 -0.015058 1 2
57801.738221 0.000039 0.025164 0.001533 1 2
57801.738260 0.000039 0.024484 0.001609 1 2
57801.738299 0.000039 0.022045 0.001527 1 2
57801.738338 0.000039 0.025744 0.001586 1 2
57801.738377 0.000039 0.026119 0.001642 1 2
57801.738416 0.000039 0.024656 0.001676 1 2
57801.738455 0.000039 0.023884 0.001684 1 2
57801.738494 0.000039 0.024586 0.001473 1 2
57801.738533 0.000039 0.025169 0.001558 1 2
57801.738572 0.000039 0.020875 0.001587 1 2
57801.738611 0.000039 0.028176 0.001571 1 2
57801.738650 0.000039 0.022817 0.001555 1 2
57801.738689 0.000039 0.024548 0.001625 1 2
57801.738728 0.000039 0.027023 0.001594 1 2
57801.738766 0.000039 0.026237 0.001559 1 2
57801.738805 0.000039 0.025936 0.001573 1 2
57801.738844 0.000039 0.026051 0.001608 1 2
57801.738883 0.000039 0.021524 0.001605 1 2
57801.738922 0.000039 0.025251 0.001598 1 2
57801.738961 0.000039 0.026547 0.001573 1 2
57801.739000 0.000039 0.026737 0.001618 1 2
57801.739039 0.000039 0.025774 0.001709 1 2
57801.739078 0.000039 0.025071 0.001737 1 2
57801.739117 0.000039 0.025722 0.001729 1 2
57801.739156 0.000039 0.025203 0.001652 1 2
57801.739195 0.000039 0.024800 0.001723 1 2
57801.739234 0.000039 0.023074 0.001715 1 2
57801.739273 0.000039 0.022313 0.001528 1 2
57801.739312 0.000039 0.023042 0.001530 1 2
57801.739351 0.000039 0.027887 0.001588 1 2
57801.739390 0.000039 0.023180 0.001597 1 2
57801.739429 0.000039 0.024792 0.001614 1 2
57801.739468 0.000039 0.026881 0.001658 1 2
57801.739507 0.000039 0.026614 0.001660 1 2
57801.739546 0.000039 0.023939 0.001633 1 2
57801.739585 0.000039 0.027022 0.001688 1 2
57801.739624 0.000039 0.025225 0.001832 1 2
57801.739663 0.000039 0.025552 0.001739 1 2
57801.739702 0.000039 0.023950 0.001587 1 2
57801.739741 0.000039 0.021219 0.001671 1 2
57801.739780 0.000039 0.024662 0.001618 1 2
57801.739819 0.000039 0.027191 0.001716 1 2
57801.739858 0.000039 0.021694 0.001931 1 2
57801.739897 0.000039 0.023918 0.001811 1 2
57801.739936 0.000039 0.023920 0.001768 1 2
57801.739975 0.000039 0.023949 0.001650 1 2
57801.740014 0.000039 0.025121 0.001593 1 2
57801.740053 0.000039 0.023732 0.001577 1 2
57801.740092 0.000039 0.023951 0.001581 1 2
57801.740131 0.000039 0.024235 0.001546 1 2
57801.740170 0.000039 0.024712 0.001720 1 2
57801.740208 0.000039 0.024755 0.001695 1 2
57801.740247 0.000039 0.022457 0.001582 1 2
57801.740286 0.000039 0.024698 0.001593 1 2
57801.740325 0.000039 0.024462 0.001656 1 2
57801.740364 0.000039 0.025940 0.001723 1 2
57801.740403 0.000039 0.024659 0.001596 1 2
57801.740442 0.000039 0.025426 0.001663 1 2
57801.740481 0.000039 0.023728 0.001599 1 2
57801.740520 0.000039 0.020639 0.001566 1 2
57801.740559 0.000039 0.023675 0.001555 1 2
57801.740598 0.000039 0.026173 0.001679 1 2
57801.740637 0.000039 0.022470 0.001727 1 2
57801.740676 0.000039 0.021404 0.001711 1 2
57801.740715 0.000039 0.024978 0.001742 1 2
57801.740754 0.000039 0.025662 0.001592 1 2
57801.740793 0.000039 0.024928 0.001770 1 2
57801.740832 0.000039 0.024934 0.001622 1 2
57801.740871 0.000039 0.022299 0.001580 1 2
57801.740910 0.000039 0.023627 0.001627 1 2
57801.740949 0.000039 0.023462 0.001642 1 2
57801.740988 0.000039 0.023442 0.001628 1 2
57801.741027 0.000039 0.023357 0.001539 1 2
57801.741066 0.000039 0.025667 0.001571 1 2
57801.741105 0.000039 0.021663 0.001550 1 2
57801.741144 0.000039 0.023529 0.001694 1 2
57801.741183 0.000039 0.022272 0.001573 1 2
57801.741222 0.000039 0.021702 0.001586 1 2
57801.741261 0.000039 0.022922 0.001695 1 2
57801.741300 0.000039 0.022002 0.001600 1 2
57801.741339 0.000039 0.023941 0.001619 1 2
57801.741378 0.000039 0.020080 0.001615 1 2
57801.741417 0.000039 0.017249 0.001640 1 2
57801.741456 0.000039 0.021987 0.001715 1 2
57801.741495 0.000039 0.023070 0.001624 1 2
57801.741534 0.000039 0.022442 0.001685 1 2
57801.741573 0.000039 0.021886 0.001623 1 2
57801.741612 0.000039 0.019862 0.001722 1 2
57801.741650 0.000039 0.022691 0.001647 1 2
57801.741689 0.000039 0.019800 0.001652 1 2
57801.741728 0.000039 0.024966 0.001745 1 2
57801.741767 0.000039 0.023630 0.001780 1 2
57801.741806 0.000039 0.023058 0.001770 1 2
57801.741845 0.000039 0.016923 0.001604 1 2
57801.741884 0.000039 0.024663 0.001825 1 2
57801.741923 0.000039 0.023289 0.001856 1 2
57801.741962 0.000039 0.018706 0.001791 1 2
57801.742001 0.000039 0.025239 0.001842 1 2
57801.742040 0.000039 0.023924 0.001743 1 2
