58872.793663 0.000023 0.034400 0.002030 1 2
58872.793655 0.000038 0.035759 0.001626 1 2
58872.793693 0.000038 0.033449 0.001557 1 2
58872.793731 0.000038 0.034714 0.001647 1 2
58872.793769 0.000038 0.035831 0.001584 1 2
58872.793807 0.000038 0.028167 0.001490 1 2
58872.793844 0.000038 0.033269 0.001710 1 2
58872.793882 0.000038 0.028297 0.001609 1 2
58872.793920 0.000038 0.031418 0.001689 1 2
58872.793958 0.000038 0.031643 0.001891 1 2
58872.793996 0.000038 0.029682 0.001701 1 2
58872.794033 0.000038 0.031031 0.001522 1 2
58872.794071 0.000038 0.035206 0.001694 1 2
58872.794109 0.000038 0.031131 0.001734 1 2
58872.794147 0.000038 0.035766 0.001665 1 2
58872.794185 0.000038 0.032620 0.001545 1 2
58872.794222 0.000038 0.035281 0.001806 1 2
58872.794260 0.000038 0.033429 0.001688 1 2
58872.794298 0.000038 0.030258 0.001857 1 2
58872.794336 0.000038 0.037706 0.001727 1 2
58872.794374 0.000038 0.037311 0.001877 1 2
58872.794411 0.000038 0.032576 0.001607 1 2
58872.794449 0.000038 0.032969 0.001587 1 2
58872.794487 0.000038 0.035405 0.001631 1 2
58872.794525 0.000038 0.030026 0.001646 1 2
58872.794563 0.000038 0.033751 0.001700 1 2
58872.794600 0.000038 0.034477 0.001717 1 2
58872.794638 0.000038 0.034525 0.001692 1 2
58872.794676 0.000038 0.030440 0.001640 1 2
58872.794714 0.000038 0.036279 0.001666 1 2
58872.794752 0.000038 0.032680 0.001718 1 2
58872.794789 0.000038 0.031959 0.001555 1 2
58872.794827 0.000038 0.032933 0.001711 1 2
58872.794865 0.000038 0.033313 0.001648 1 2
58872.794903 0.000038 0.034500 0.001502 1 2
58872.794941 0.000038 0.029601 0.001551 1 2
58872.794978 0.000038 0.034031 0.001854 1 2
58872.795016 0.000038 0.035580 0.001673 1 2
58872.795054 0.000038 0.036501 0.001649 1 2
58872.795092 0.000038 0.033081 0.001770 1 2
58872.795130 0.000038 0.035136 0.001775 1 2
58872.795167 0.000038 0.030301 0.001581 1 2
58872.795205 0.000038 0.031594 0.001573 1 2
58872.795243 0.000038 0.032152 0.001677 1 2
58872.795281 0.000038 0.031266 0.001637 1 2
58872.795319 0.000038 0.033539 0.001688 1 2
58872.795356 0.000038 0.035394 0.001601 1 2
58872.795394 0.000038 0.034254 0.001639 1 2
58872.795432 0.000038 0.033473 0.001634 1 2
58872.795470 0.000038 0.032354 0.001616 1 2
58872.795508 0.000038 0.030500 0.001627 1 2
58872.795545 0.000038 0.035520 0.001695 1 2
58872.795583 0.000038 0.030546 0.001450 1 2
58872.795621 0.000038 0.032527 0.001575 1 2
58872.795659 0.000038 0.033731 0.001671 1 2
58872.795697 0.000038 0.035312 0.001682 1 2
58872.795734 0.000038 0.033366 0.001756 1 2
58872.795772 0.000038 0.030630 0.001633 1 2
58872.795810 0.000038 0.030925 0.001587 1 2
58872.795848 0.000038 0.033470 0.001810 1 2
58872.795886 0.000038 0.034707 0.001772 1 2
58872.795923 0.000038 0.033911 0.001748 1 2
58872.795961 0.000038 0.034630 0.001696 1 2
58872.795999 0.000038 0.033467 0.001914 1 2
58872.796037 0.000038 0.031147 0.001705 1 2
58872.796075 0.000038 0.031292 0.001837 1 2
58872.796112 0.000038 0.034092 0.001791 1 2
58872.796150 0.000038 0.032084 0.001729 1 2
58872.796188 0.000038 0.036268 0.001795 1 2
58872.796226 0.000038 0.036577 0.001843 1 2
58872.796264 0.000038 0.033236 0.001672 1 2
58872.796301 0.000038 0.030527 0.001713 1 2
58872.796339 0.000038 0.030584 0.001730 1 2
58872.796377 0.000038 0.034901 0.001702 1 2
58872.796415 0.000038 0.036181 0.001834 1 2
58872.796453 0.000038 0.033218 0.001747 1 2
58872.796490 0.000038 0.032747 0.001723 1 2
58872.796528 0.000038 0.032984 0.001782 1 2
58872.796566 0.000038 0.030148 0.001620 1 2
58872.796604 0.000038 0.027994 0.001604 1 2
58872.796642 0.000038 0.033406 0.001618 1 2
58872.796679 0.000038 0.033358 0.001686 1 2
58872.796717 0.000038 0.029748 0.001762 1 2
58872.796755 0.000038 0.032947 0.001647 1 2
58872.796793 0.000038 0.033618 0.001653 1 2
58872.796831 0.000038 0.030724 0.001726 1 2
58872.796868 0.000038 0.030353 0.001661 1 2
58872.796906 0.000038 0.030251 0.001802 1 2
58872.796944 0.000038 0.030581 0.001673 1 2
58872.796982 0.000038 0.032692 0.001714 1 2
58872.797020 0.000038 0.036139 0.001750 1 2
58872.797057 0.000038 0.031762 0.001543 1 2
58872.797095 0.000038 0.035101 0.001681 1 2
58872.797133 0.000038 0.031614 0.001682 1 2
58872.797171 0.000038 0.032851 0.001778 1 2
58872.797209 0.000038 0.032200 0.001672 1 2
58872.797246 0.000038 0.029483 0.001697 1 2
58872.797284 0.000038 0.032080 0.001710 1 2
58872.797322 0.000038 0.034444 0.001796 1 2
58872.797360 0.000038 0.029540 0.001638 1 2
58872.797398 0.000038 0.031576 0.001806 1 2
58872.797435 0.000038 0.030467 0.001739 1 2
58872.797473 0.000038 0.031194 0.001697 1 2
58872.797511 0.000038 0.028123 0.001796 1 2
58872.797549 0.000038 0.034704 0.001740 1 2
58872.797587 0.000038 0.028248 0.001769 1 2
58872.797624 0.000038 0.032677 0.001620 1 2
58872.797662 0.000038 0.028977 0.001658 1 2
58872.797700 0.000038 0.032857 0.001693 1 2
58872.797738 0.000038 0.033911 0.001650 1 2
58872.797776 0.000038 0.035193 0.001634 1 2
58872.797813 0.000038 0.032207 0.001710 1 2
58872.797851 0.000038 0.030076 0.001541 1 2
58872.797889 0.000038 0.033725 0.001775 1 2
58872.797927 0.000038 0.031173 0.001554 1 2
58872.797965 0.000038 0.029050 0.001662 1 2
58872.798002 0.000038 0.030749 0.001582 1 2
58872.798040 0.000038 0.033538 0.001586 1 2
58872.798078 0.000038 0.031462 0.001751 1 2
58872.798116 0.000038 0.035741 0.001496 1 2
58872.798154 0.000038 0.031631 0.001549 1 2
58872.798191 0.000038 0.033407 0.001749 1 2
58872.798229 0.000038 0.031779 0.001664 1 2
58872.798267 0.000038 0.034680 0.001706 1 2
58872.798305 0.000038 0.033384 0.001686 1 2
58872.798343 0.000038 0.032420 0.001658 1 2
58872.798380 0.000038 0.032054 0.001573 1 2
58872.798418 0.000038 0.036825 0.001703 1 2
58872.798456 0.000038 0.034369 0.001620 1 2
58872.798494 0.000038 0.036203 0.001777 1 2
58872.798532 0.000038 0.034093 0.001813 1 2
58872.798569 0.000038 0.037405 0.001741 1 2
58872.798607 0.000038 0.034532 0.001890 1 2
58872.798645 0.000038 0.032940 0.001874 1 2
58872.798683 0.000038 0.035450 0.001830 1 2
58872.798721 0.000038 0.031129 0.001794 1 2
58872.798758 0.000038 0.033261 0.001746 1 2
58872.798796 0.000038 0.035811 0.001916 1 2
58872.798834 0.000038 0.033638 0.001910 1 2
58872.798872 0.000038 0.032500 0.001709 1 2
58872.798910 0.000038 0.031909 0.001766 1 2
58872.798947 0.000038 0.030870 0.001722 1 2
58872.798985 0.000038 0.030950 0.001759 1 2
58872.799023 0.000038 0.029539 0.001802 1 2
58872.799061 0.000038 0.033051 0.001843 1 2
58872.799099 0.000038 0.035687 0.001861 1 2
58872.799136 0.000038 0.033077 0.001765 1 2
58872.799174 0.000038 0.031258 0.001879 1 2
58872.799212 0.000038 0.030601 0.002113 1 2
58872.799250 0.000038 0.032204 0.001744 1 2
58872.799288 0.000038 0.031528 0.001822 1 2
58872.799325 0.000038 0.034196 0.001816 1 2
58872.799363 0.000038 0.030846 0.001719 1 2
58872.799401 0.000038 0.030811 0.001803 1 2
58872.799439 0.000038 0.033938 0.001867 1 2
58872.799477 0.000038 0.033722 0.001761 1 2
58872.799514 0.000038 0.028567 0.001771 1 2
58872.799552 0.000038 0.027622 0.001697 1 2
58872.799590 0.000038 0.028820 0.001864 1 2
58872.799628 0.000038 0.030404 0.001949 1 2
58872.799666 0.000038 0.032208 0.001762 1 2
58872.799703 0.000038 0.030068 0.001700 1 2
58872.799741 0.000038 0.035488 0.001694 1 2
58872.799779 0.000038 0.030636 0.001719 1 2
58872.799817 0.000038 0.029948 0.001623 1 2
58872.799855 0.000038 0.030947 0.001623 1 2
58872.799892 0.000038 0.031176 0.001653 1 2
58872.799930 0.000038 0.029606 0.001605 1 2
58872.799968 0.000038 0.030525 0.001673 1 2
58872.800006 0.000038 0.027761 0.001590 1 2
58872.800044 0.000038 0.028226 0.001607 1 2
58872.800081 0.000038 0.030598 0.001786 1 2
58872.800119 0.000038 0.029916 0.001715 1 2
58872.800157 0.000038 0.031680 0.001744 1 2
58872.800195 0.000038 0.029536 0.001700 1 2
58872.800233 0.000038 0.028351 0.001675 1 2
58872.800270 0.000038 0.029745 0.001670 1 2
58872.800308 0.000038 0.032594 0.001767 1 2
58872.800346 0.000038 0.033394 0.001634 1 2
58872.800384 0.000038 0.031527 0.001615 1 2
58872.800422 0.000038 0.029002 0.001552 1 2
58872.800459 0.000038 0.031647 0.001656 1 2
58872.800497 0.000038 0.031652 0.001758 1 2
58872.800535 0.000038 0.032121 0.001784 1 2
58872.800573 0.000038 0.032085 0.001867 1 2
58872.800611 0.000038 0.031211 0.001987 1 2
58872.800648 0.000038 0.033967 0.001902 1 2
58872.800686 0.000038 0.028613 0.001817 1 2
58872.800724 0.000038 0.032300 0.001608 1 2
58872.800762 0.000038 0.029794 0.001716 1 2
58872.800800 0.000038 0.031060 0.001780 1 2
58872.800837 0.000038 0.026577 0.001621 1 2
58872.800875 0.000038 0.029382 0.001658 1 2
58872.800913 0.000038 0.032720 0.001607 1 2
58872.800951 0.000038 0.028925 0.001596 1 2
58872.800989 0.000038 0.028693 0.001517 1 2
58872.801026 0.000038 0.029945 0.001562 1 2
58872.801064 0.000038 0.026955 0.001693 1 2
58872.801102 0.000038 0.029302 0.001582 1 2
58872.801140 0.000038 0.024377 0.001595 1 2
58872.801178 0.000038 0.031712 0.001602 1 2
58872.801215 0.000038 0.028832 0.001602 1 2
58872.801253 0.000038 0.028185 0.001666 1 2
58872.801291 0.000038 0.032771 0.001815 1 2
58872.801329 0.000038 0.033100 0.001661 1 2
58872.801367 0.000038 0.031664 0.001663 1 2
58872.801404 0.000038 0.029187 0.001565 1 2
58872.801442 0.000038 0.028918 0.001542 1 2
58872.801480 0.000038 0.029466 0.001805 1 2
58872.801518 0.000038 0.029111 0.001603 1 2
58872.801556 0.000038 0.029240 0.001604 1 2
58872.801593 0.000038 0.027615 0.001494 1 2
58872.801631 0.000038 0.031631 0.001503 1 2
58872.801669 0.000038 0.030763 0.001497 1 2
58872.801707 0.000038 0.029749 0.001527 1 2
58872.801745 0.000038 0.030406 0.001519 1 2
58872.801782 0.000038 0.029827 0.001509 1 2
58872.801820 0.000038 0.030897 0.001664 1 2
58872.801858 0.000038 0.025164 0.001576 1 2
58872.801896 0.000038 0.029326 0.001652 1 2
58872.801934 0.000038 0.026274 0.001682 1 2
58872.801971 0.000038 0.029409 0.001639 1 2
58872.802009 0.000038 0.028910 0.001731 1 2
58872.802047 0.000038 0.029903 0.001587 1 2
58872.802085 0.000038 0.026173 0.001707 1 2
58872.802123 0.000038 0.024905 0.001649 1 2
58872.802160 0.000038 0.023710 0.001854 1 2
58872.802198 0.000038 0.027676 0.001681 1 2
58872.802236 0.000038 0.025089 0.001569 1 2
58872.802274 0.000038 0.024162 0.001516 1 2
58872.802312 0.000038 0.027507 0.001603 1 2
58872.802349 0.000038 0.025626 0.001783 1 2
58872.802387 0.000038 0.026324 0.001668 1 2
58872.802425 0.000038 0.028142 0.001687 1 2
58872.802463 0.000038 0.024273 0.001456 1 2
58872.802501 0.000038 0.024113 0.001735 1 2
58872.802538 0.000038 0.023540 0.001689 1 2
58872.802576 0.000038 0.024177 0.001572 1 2
58872.802614 0.000038 0.020385 0.001433 1 2
58872.802652 0.000038 0.023589 0.001710 1 2
58872.802690 0.000038 0.023582 0.001587 1 2
58872.802727 0.000038 0.025981 0.001633 1 2
58872.802765 0.000038 0.023319 0.001752 1 2
58872.802803 0.000038 0.021736 0.001536 1 2
58872.802841 0.000038 0.026067 0.001574 1 2
58872.802879 0.000038 0.027189 0.001723 1 2
58872.802916 0.000038 0.022064 0.001634 1 2
58872.802954 0.000038 0.023725 0.001620 1 2
58872.802992 0.000038 0.023164 0.001709 1 2
58872.803030 0.000038 0.021130 0.001626 1 2
58872.803068 0.000038 0.025023 0.002100 1 2
58872.803105 0.000038 0.022605 0.001488 1 2
58872.803143 0.000038 0.023839 0.001468 1 2
58872.803181 0.000038 0.024145 0.001508 1 2
58872.803219 0.000038 0.022869 0.001599 1 2
58872.803257 0.000038 0.021575 0.001651 1 2
58872.803294 0.000038 0.022640 0.001464 1 2
58872.803332 0.000038 0.028683 0.001464 1 2
58872.803370 0.000038 0.022884 0.001453 1 2
58872.803408 0.000038 0.028754 0.001451 1 2
58872.803446 0.000038 0.025583 0.001441 1 2
58872.803483 0.000038 0.026815 0.001519 1 2
58872.803521 0.000038 0.028356 0.001504 1 2
58872.803559 0.000038 0.023637 0.001518 1 2
58872.803597 0.000038 0.026242 0.001582 1 2
58872.803635 0.000038 0.025927 0.001468 1 2
58872.803672 0.000038 0.025471 0.001559 1 2
58872.803710 0.000038 0.020744 0.001453 1 2
58872.803748 0.000038 0.026389 0.001574 1 2
58872.803786 0.000038 0.025040 0.001618 1 2
58872.803824 0.000038 0.024028 0.001417 1 2
58872.803861 0.000038 0.024736 0.001426 1 2
58872.803899 0.000038 0.023343 0.001582 1 2
58872.803937 0.000038 0.025010 0.001404 1 2
58872.803975 0.000038 0.023673 0.001475 1 2
58872.804013 0.000038 0.026353 0.001504 1 2
58872.804050 0.000038 0.025382 0.001452 1 2
58872.804088 0.000038 0.026026 0.001508 1 2
58872.804126 0.000038 0.024664 0.001605 1 2
58872.804164 0.000038 0.026174 0.001529 1 2
58872.804202 0.000038 0.023237 0.001501 1 2
58872.804239 0.000038 0.027076 0.001555 1 2
58872.804277 0.000038 0.024819 0.001505 1 2
58872.804315 0.000038 0.023913 0.001594 1 2
58872.804353 0.000038 0.024549 0.001465 1 2
58872.804391 0.000038 0.024583 0.001621 1 2
58872.804428 0.000038 0.026731 0.001438 1 2
58872.804466 0.000038 0.022468 0.001421 1 2
58872.804504 0.000038 0.026448 0.001785 1 2
58872.804542 0.000038 0.023527 0.001535 1 2
58872.804580 0.000038 0.027559 0.001487 1 2
58872.804617 0.000038 0.026501 0.001579 1 2
58872.804655 0.000038 0.023190 0.001542 1 2
58872.804693 0.000038 0.024293 0.001460 1 2
58872.804731 0.000038 0.020699 0.001467 1 2
58872.804769 0.000038 0.025233 0.001563 1 2
58872.804806 0.000038 0.024016 0.001598 1 2
58872.804844 0.000038 0.024295 0.001546 1 2
58872.804882 0.000038 0.023806 0.001579 1 2
58872.804920 0.000038 0.024984 0.001459 1 2
58872.804958 0.000038 0.024161 0.001522 1 2
58872.804995 0.000038 0.026677 0.001533 1 2
58872.805033 0.000038 0.024766 0.001592 1 2
58872.805071 0.000038 0.026692 0.001554 1 2
58872.805109 0.000038 0.025477 0.001588 1 2
58872.805147 0.000038 0.026608 0.001607 1 2
58872.805184 0.000038 0.025475 0.001569 1 2
58872.805222 0.000038 0.025018 0.001676 1 2
58872.805260 0.000038 0.027309 0.001669 1 2
58872.805298 0.000038 0.026579 0.001605 1 2
58872.805336 0.000038 0.028348 0.001576 1 2
58872.805373 0.000038 0.027944 0.001650 1 2
58872.805411 0.000038 0.028272 0.001489 1 2
58872.805449 0.000038 0.029682 0.001877 1 2
58872.805487 0.000038 0.028202 0.001575 1 2
58872.805525 0.000038 0.026293 0.001586 1 2
58872.805562 0.000038 0.025875 0.001600 1 2
58872.805600 0.000038 0.027600 0.001571 1 2
58872.805638 0.000038 0.029400 0.001720 1 2
58872.805676 0.000038 0.025501 0.001651 1 2
58872.805714 0.000038 0.027289 0.001546 1 2
58872.805751 0.000038 0.025863 0.001609 1 2
58872.805789 0.000038 0.028644 0.001618 1 2
58872.805827 0.000038 0.027496 0.001574 1 2
58872.805865 0.000038 0.028304 0.001663 1 2
58872.805903 0.000038 0.028585 0.001602 1 2
58872.805940 0.000038 0.030377 0.001804 1 2
58872.805978 0.000038 0.031094 0.001677 1 2
58872.806016 0.000038 0.029159 0.001714 1 2
58872.806054 0.000038 0.030469 0.001812 1 2
58872.806092 0.000038 0.027477 0.001707 1 2
58872.806129 0.000038 0.026486 0.001708 1 2
58872.806167 0.000038 0.027831 0.001660 1 2
58872.806205 0.000038 0.030070 0.001742 1 2
58872.806243 0.000038 0.031181 0.001710 1 2
58872.806281 0.000038 0.027928 0.001636 1 2
58872.806318 0.000038 0.027789 0.001678 1 2
58872.806356 0.000038 0.029648 0.001900 1 2
58872.806394 0.000038 0.032358 0.001883 1 2
58872.806432 0.000038 0.030424 0.001691 1 2
58872.806470 0.000038 0.027630 0.001905 1 2
58872.806507 0.000038 0.022804 0.002168 1 2
58872.806545 0.000038 0.030601 0.001900 1 2
58872.806583 0.000038 0.030840 0.001681 1 2
58872.806621 0.000038 0.030347 0.001651 1 2
58872.806659 0.000038 0.030414 0.001686 1 2
58872.806696 0.000038 0.027607 0.001767 1 2
58872.806734 0.000038 0.030331 0.001688 1 2
58872.806772 0.000038 0.029180 0.001695 1 2
58872.806810 0.000038 0.028849 0.001697 1 2
58872.806848 0.000038 0.030637 0.001833 1 2
58872.806885 0.000038 0.027087 0.001645 1 2
58872.806923 0.000038 0.029492 0.001669 1 2
58872.806961 0.000038 0.026295 0.001665 1 2
58872.806999 0.000038 0.028156 0.001725 1 2
58872.807037 0.000038 0.029429 0.001721 1 2
58872.807074 0.000038 0.031828 0.001813 1 2
58872.807112 0.000038 0.027439 0.001711 1 2
58872.807150 0.000038 0.035612 0.001794 1 2
58872.807188 0.000038 0.029117 0.001599 1 2
58872.807226 0.000038 0.027624 0.001635 1 2
58872.807263 0.000038 0.035144 0.001653 1 2
58872.807301 0.000038 0.026955 0.001689 1 2
58872.807339 0.000038 0.027883 0.001675 1 2
58872.807377 0.000038 0.028213 0.001845 1 2
58872.807415 0.000038 0.027771 0.001790 1 2
58872.807452 0.000038 0.029399 0.001817 1 2
58872.807490 0.000038 0.027942 0.001650 1 2
58872.807528 0.000038 0.027583 0.001648 1 2
58872.807566 0.000038 0.028014 0.001794 1 2
58872.807604 0.000038 0.029548 0.001702 1 2
58872.807641 0.000038 0.024926 0.001627 1 2
58872.807679 0.000038 0.023723 0.001706 1 2
58872.807717 0.000038 0.027657 0.001785 1 2
58872.807755 0.000038 0.028735 0.001754 1 2
58872.807793 0.000038 0.027497 0.001689 1 2
58872.807830 0.000038 0.034828 0.001984 1 2
58872.807868 0.000038 0.029420 0.001786 1 2
58872.807906 0.000038 0.030418 0.001761 1 2
58872.807944 0.000038 0.029252 0.001950 1 2
58872.807982 0.000038 0.026786 0.001665 1 2
58872.808019 0.000038 0.031412 0.001716 1 2
58872.808057 0.000038 0.028595 0.001789 1 2
58872.808095 0.000038 0.025240 0.001622 1 2
58872.808133 0.000038 0.029156 0.001587 1 2
58872.808171 0.000038 0.024671 0.001741 1 2
58872.808208 0.000038 0.022557 0.001521 1 2
58872.808246 0.000038 0.023086 0.001587 1 2
58872.808284 0.000038 0.020840 0.001697 1 2
58872.808322 0.000038 0.013573 0.001609 1 2
58872.808360 0.000038 0.009337 0.001712 1 2
58872.808397 0.000038 0.009958 0.001627 1 2
58872.808435 0.000038 0.009103 0.001551 1 2
58872.808473 0.000038 0.003410 0.001577 1 2
58872.808511 0.000038 0.003085 0.001484 1 2
58872.808549 0.000038 0.005664 0.001525 1 2
58872.808586 0.000038 0.005598 0.001728 1 2
58872.808624 0.000038 0.002269 0.001506 1 2
58872.808662 0.000038 0.003098 0.001786 1 2
58872.808700 0.000038 0.005268 0.001681 1 2
58872.808738 0.000038 0.000756 0.001610 1 2
58872.808775 0.000038 0.001125 0.001588 1 2
58872.808813 0.000038 0.001011 0.001473 1 2
58872.808851 0.000038 0.004750 0.001695 1 2
58872.808889 0.000038 0.000660 0.001590 1 2
58872.808927 0.000038 0.000590 0.001677 1 2
58872.808964 0.000038 0.004915 0.001484 1 2
58872.809002 0.000038 0.004102 0.001632 1 2
58872.809040 0.000038 0.003611 0.001788 1 2
58872.809078 0.000038 0.001808 0.001736 1 2
58872.809116 0.000038 0.003212 0.001676 1 2
58872.809153 0.000038 0.001454 0.001686 1 2
58872.809191 0.000038 0.002509 0.001602 1 2
58872.809229 0.000038 0.002675 0.001597 1 2
58872.809267 0.000038 0.003028 0.001554 1 2
58872.809305 0.000038 0.001464 0.001584 1 2
58872.809342 0.000038 0.000991 0.001668 1 2
58872.809380 0.000038 0.003158 0.001464 1 2
58872.809418 0.000038 0.005114 0.001594 1 2
58872.809456 0.000038 -0.000238 -0.001691 1 2
58872.809494 0.000038 0.001917 0.001655 1 2
58872.809531 0.000038 0.003006 0.001702 1 2
58872.809569 0.000038 -0.000294 -0.001764 1 2
58872.809607 0.000038 0.003625 0.001737 1 2
58872.809645 0.000038 0.005886 0.001469 1 2
58872.809683 0.000038 0.002035 0.001476 1 2
58872.809720 0.000038 0.001359 0.001412 1 2
58872.809758 0.000038 0.004327 0.001670 1 2
58872.809796 0.000038 -0.000007 -0.001472 1 2
58872.809834 0.000038 0.001653 0.001601 1 2
58872.809872 0.000038 0.003143 0.001542 1 2
58872.809909 0.000038 0.000627 0.001605 1 2
58872.809947 0.000038 -0.001767 -0.001608 1 2
58872.809985 0.000038 0.002906 0.001673 1 2
58872.810023 0.000038 0.003108 0.001676 1 2
58872.810061 0.000038 0.000682 0.001713 1 2
58872.810098 0.000038 0.003487 0.001613 1 2
58872.810136 0.000038 0.004234 0.001658 1 2
58872.810174 0.000038 0.000803 0.001804 1 2
58872.810212 0.000038 0.001951 0.001713 1 2
58872.810250 0.000038 -0.000104 -0.001720 1 2
58872.810287 0.000038 0.002591 0.001684 1 2
58872.810325 0.000038 0.002857 0.001684 1 2
58872.810363 0.000038 -0.001152 -0.001750 1 2
58872.810401 0.000038 0.002130 0.001729 1 2
58872.810439 0.000038 0.003110 0.001722 1 2
58872.810476 0.000038 0.003086 0.001676 1 2
58872.810514 0.000038 0.006115 0.001817 1 2
58872.810552 0.000038 0.002225 0.001746 1 2
58872.810590 0.000038 0.005414 0.001898 1 2
58872.810628 0.000038 0.008596 0.001722 1 2
58872.810665 0.000038 0.006346 0.001715 1 2
58872.810703 0.000038 0.006734 0.001687 1 2
58872.810741 0.000038 0.011991 0.001768 1 2
58872.810779 0.000038 0.007145 0.001724 1 2
58872.810817 0.000038 0.013842 0.001946 1 2
58872.810854 0.000038 0.013166 0.001683 1 2
58872.810892 0.000038 0.022150 0.001745 1 2
58872.810930 0.000038 0.022922 0.001930 1 2
58872.810968 0.000038 0.027283 0.001959 1 2
58872.811006 0.000038 0.023386 0.001701 1 2
58872.811043 0.000038 0.029964 0.002033 1 2
58872.811081 0.000038 0.024552 0.001966 1 2
58872.811119 0.000038 0.021245 0.002311 1 2
58872.811157 0.000038 0.029969 0.001740 1 2
58872.811195 0.000038 0.028879 0.001862 1 2
58872.811232 0.000038 0.026979 0.001795 1 2
58872.811270 0.000038 0.026009 0.001952 1 2
58872.811308 0.000038 0.024800 0.001767 1 2
58872.811346 0.000038 0.027185 0.001686 1 2
58872.811384 0.000038 0.025208 0.001848 1 2
58872.811421 0.000038 0.026493 0.001746 1 2
58872.811459 0.000038 0.026719 0.001820 1 2
58872.811497 0.000038 0.028827 0.001883 1 2
58872.811535 0.000038 0.028573 0.001994 1 2
58872.811573 0.000038 0.026727 0.001907 1 2
58872.811610 0.000038 0.027293 0.001866 1 2
58872.811648 0.000038 0.028834 0.001863 1 2
58872.811686 0.000038 0.023695 0.001886 1 2
58872.811724 0.000038 0.029091 0.001979 1 2
58872.811762 0.000038 0.027710 0.001854 1 2
58872.811799 0.000038 0.028918 0.002071 1 2
58872.811837 0.000038 0.032308 0.001990 1 2
58872.811875 0.000038 0.028780 0.001932 1 2
58872.811913 0.000038 0.026216 0.001854 1 2
58872.811951 0.000038 0.024883 0.001997 1 2
58872.811988 0.000038 0.025959 0.001795 1 2
58872.812026 0.000038 0.029401 0.001795 1 2
58872.812064 0.000038 0.028386 0.001800 1 2
58872.812102 0.000038 0.028831 0.001951 1 2
58872.812140 0.000038 0.029722 0.001824 1 2
58872.812177 0.000038 0.026760 0.001741 1 2
58872.812215 0.000038 0.028825 0.001905 1 2
58872.812253 0.000038 0.029304 0.001900 1 2
58872.812291 0.000038 0.025843 0.001780 1 2
58872.812329 0.000038 0.025567 0.001774 1 2
58872.812366 0.000038 0.029447 0.001867 1 2
58872.812404 0.000038 0.024543 0.002019 1 2
58872.812442 0.000038 0.032065 0.001964 1 2
58872.812480 0.000038 0.028443 0.001904 1 2
58872.812518 0.000038 0.022783 0.001875 1 2
58872.812555 0.000038 0.026161 0.001767 1 2
58872.812593 0.000038 0.025545 0.001725 1 2
58872.812631 0.000038 0.028729 0.001724 1 2
58872.812669 0.000038 0.027903 0.001880 1 2
58872.812707 0.000038 0.028502 0.001844 1 2
58872.812744 0.000038 0.028929 0.001903 1 2
58872.812782 0.000038 0.025189 0.002111 1 2
58872.812820 0.000038 0.030070 0.002107 1 2
58872.812858 0.000038 0.030679 0.002039 1 2
58872.812896 0.000038 0.025550 0.001830 1 2
58872.812933 0.000038 0.029307 0.001906 1 2
58872.812971 0.000038 0.026733 0.001980 1 2
58872.813009 0.000038 0.034812 0.001928 1 2
58872.813047 0.000038 0.027171 0.001952 1 2
58872.813085 0.000038 0.026602 0.001967 1 2
58872.813122 0.000038 0.030336 0.001981 1 2
58872.813160 0.000038 0.030467 0.002002 1 2
58872.813198 0.000038 0.029130 0.001919 1 2
58872.813236 0.000038 0.029260 0.001858 1 2
58872.813274 0.000038 0.031812 0.001939 1 2
58872.813311 0.000038 0.031970 0.001954 1 2
58872.813349 0.000038 0.028872 0.001966 1 2
58872.813387 0.000038 0.031330 0.002104 1 2
58872.813425 0.000038 0.033634 0.002029 1 2
58872.813463 0.000038 0.034747 0.001895 1 2
58872.813500 0.000038 0.028460 0.001810 1 2
58872.813538 0.000038 0.031460 0.002017 1 2
58872.813576 0.000038 0.028823 0.001911 1 2
58872.813614 0.000038 0.037859 0.001896 1 2
58872.813652 0.000038 0.031084 0.001787 1 2
58872.813689 0.000038 0.032840 0.002026 1 2
58872.813727 0.000038 0.031631 0.001947 1 2
58872.813765 0.000038 0.030738 0.002081 1 2
58872.813803 0.000038 0.031875 0.002041 1 2
58872.813841 0.000038 0.026279 0.001932 1 2
58872.813878 0.000038 0.033929 0.001743 1 2
58872.813916 0.000038 0.033387 0.001860 1 2
58872.813954 0.000038 0.030415 0.001889 1 2
58872.813992 0.000038 0.030123 0.001889 1 2
58872.814030 0.000038 0.028619 0.001993 1 2
58872.814067 0.000038 0.031240 0.001945 1 2
58872.814105 0.000038 0.026969 0.001826 1 2
58872.814143 0.000038 0.028144 0.002084 1 2
58872.814181 0.000038 0.028138 0.001958 1 2
58872.814219 0.000038 0.033466 0.002083 1 2
58872.814256 0.000038 0.031016 0.002085 1 2
58872.814294 0.000038 0.030567 0.002240 1 2
58872.814332 0.000038 0.029383 0.001944 1 2
58872.814370 0.000038 0.030977 0.001842 1 2
58872.814408 0.000038 0.029365 0.001972 1 2
58872.814445 0.000038 0.027610 0.001887 1 2
58872.814483 0.000038 0.027323 0.001956 1 2
58872.814521 0.000038 0.029732 0.001929 1 2
58872.814559 0.000038 0.030948 0.001921 1 2
58872.814597 0.000038 0.031175 0.002019 1 2
58872.814634 0.000038 0.029368 0.001967 1 2
58872.814672 0.000038 0.030879 0.001921 1 2
58872.814710 0.000038 0.034007 0.001886 1 2
58872.814748 0.000038 0.026300 0.002040 1 2
58872.814786 0.000038 0.030995 0.002056 1 2
58872.814823 0.000038 0.027456 0.001979 1 2
58872.814861 0.000038 0.031651 0.002052 1 2
58872.814899 0.000038 0.031016 0.001862 1 2
58872.814937 0.000038 0.036113 0.001836 1 2
58872.814975 0.000038 0.035901 0.002192 1 2
58872.815012 0.000038 0.033738 0.001930 1 2
58872.815050 0.000038 0.031208 0.002142 1 2
58872.815088 0.000038 0.030471 0.001991 1 2
58872.815126 0.000038 0.029340 0.001853 1 2
58872.815164 0.000038 0.029554 0.001859 1 2
58872.815201 0.000038 0.027013 0.001725 1 2
58872.815239 0.000038 0.038003 0.001879 1 2
58872.815277 0.000038 0.031594 0.001854 1 2
58872.815315 0.000038 0.030488 0.001852 1 2
58872.815353 0.000038 0.030599 0.001797 1 2
58872.815390 0.000038 0.030442 0.001776 1 2
58872.815428 0.000038 0.032582 0.001827 1 2
58872.815466 0.000038 0.031258 0.001935 1 2
58872.815504 0.000038 0.028290 0.001801 1 2
58872.815542 0.000038 0.030335 0.001671 1 2
58872.815579 0.000038 0.029854 0.001678 1 2
58872.815617 0.000038 0.026631 0.001699 1 2
58872.815655 0.000038 0.032564 0.001786 1 2
58872.815693 0.000038 0.030590 0.001982 1 2
58872.815731 0.000038 0.035218 0.001840 1 2
58872.815768 0.000038 0.030709 0.001768 1 2
58872.815806 0.000038 0.034175 0.001757 1 2
58872.815844 0.000038 0.031698 0.001699 1 2
58872.815882 0.000038 0.031119 0.001872 1 2
58872.815920 0.000038 0.027912 0.001831 1 2
58872.815957 0.000038 0.030882 0.001824 1 2
58872.815995 0.000038 0.032450 0.001803 1 2
58872.816033 0.000038 0.033765 0.001798 1 2
58872.816071 0.000038 0.038167 0.001704 1 2
58872.816109 0.000038 0.033962 0.001715 1 2
58872.816146 0.000038 0.039626 0.001973 1 2
58872.816184 0.000038 0.034532 0.002010 1 2
58872.816222 0.000038 0.033732 0.001949 1 2
58872.816260 0.000038 0.036151 0.001730 1 2
58872.816298 0.000038 0.035153 0.001682 1 2
58872.816335 0.000038 0.038672 0.001699 1 2
58872.816373 0.000038 0.033686 0.001798 1 2
58872.816411 0.000038 0.037321 0.001820 1 2
58872.816449 0.000038 0.037231 0.001883 1 2
58872.816487 0.000038 0.038052 0.002314 1 2
58872.816524 0.000038 0.035459 0.001646 1 2
58872.816562 0.000038 0.035076 0.001744 1 2
58872.816600 0.000038 0.036478 0.001797 1 2
58872.816638 0.000038 0.035434 0.001806 1 2
58872.816676 0.000038 0.033987 0.001737 1 2
58872.816713 0.000038 0.032587 0.001887 1 2
58872.816751 0.000038 0.033832 0.001835 1 2
58872.816789 0.000038 0.032051 0.001708 1 2
58872.816827 0.000038 0.032399 0.001686 1 2
58872.816865 0.000038 0.030320 0.001751 1 2
58872.816902 0.000038 0.033776 0.001673 1 2
58872.816940 0.000038 0.031836 0.001711 1 2
58872.816978 0.000038 0.030958 0.001851 1 2
58872.817016 0.000038 0.031675 0.002287 1 2
58872.817054 0.000038 0.031456 0.001779 1 2
58872.817091 0.000038 0.030653 0.001729 1 2
58872.817129 0.000038 0.031776 0.001702 1 2
58872.817167 0.000038 0.031260 0.001709 1 2
58872.817205 0.000038 0.031367 0.001818 1 2
58872.817243 0.000038 0.027500 0.001640 1 2
58872.817280 0.000038 0.031658 0.001612 1 2
58872.817318 0.000038 0.029031 0.001705 1 2
58872.817356 0.000038 0.030080 0.001687 1 2
58872.817394 0.000038 0.029372 0.001642 1 2
58872.817432 0.000038 0.032021 0.001753 1 2
58872.817469 0.000038 0.030226 0.001762 1 2
58872.817507 0.000038 0.032632 0.001778 1 2
58872.817545 0.000038 0.031458 0.001955 1 2
58872.817583 0.000038 0.023633 0.001809 1 2
58872.817621 0.000038 0.029621 0.001757 1 2
58872.817658 0.000038 0.031707 0.001933 1 2
58872.817696 0.000038 0.027895 0.001765 1 2
58872.817734 0.000038 0.031505 0.001856 1 2
58872.817772 0.000038 0.025292 0.001625 1 2
58872.817810 0.000038 0.030264 0.001737 1 2
58872.817847 0.000038 0.030008 0.001761 1 2
58872.817885 0.000038 0.029429 0.001811 1 2
58872.817923 0.000038 0.031323 0.001895 1 2
58872.817961 0.000038 0.029652 0.001731 1 2
58872.817999 0.000038 0.026750 0.001691 1 2
58872.818036 0.000038 0.029799 0.001708 1 2
58872.818074 0.000038 0.029205 0.001870 1 2
58872.818112 0.000038 0.029010 0.001729 1 2
58872.818150 0.000038 0.029080 0.001719 1 2
58872.818188 0.000038 0.028569 0.001598 1 2
58872.818225 0.000038 0.032410 0.001730 1 2
58872.818263 0.000038 0.028956 0.001722 1 2
58872.818301 0.000038 0.031227 0.001694 1 2
58872.818339 0.000038 0.028338 0.001612 1 2
58872.818377 0.000038 0.029858 0.001746 1 2
58872.818414 0.000038 0.028258 0.001676 1 2
58872.818452 0.000038 0.029479 0.001824 1 2
58872.818490 0.000038 0.025520 0.001828 1 2
58872.818528 0.000038 0.027920 0.001807 1 2
58872.818566 0.000038 0.027568 0.001764 1 2
58872.818603 0.000038 0.028756 0.001771 1 2
58872.818641 0.000038 0.027690 0.001829 1 2
58872.818679 0.000038 0.031870 0.001716 1 2
58872.818717 0.000038 0.030017 0.001825 1 2
58872.818755 0.000038 0.026067 0.001680 1 2
58872.818792 0.000038 0.033110 0.001873 1 2
58872.818830 0.000038 0.029675 0.001866 1 2
58872.818868 0.000038 0.030158 0.001765 1 2
58872.818906 0.000038 0.027045 0.001808 1 2
58872.818944 0.000038 0.027032 0.001812 1 2
58872.818981 0.000038 0.027306 0.001704 1 2
58872.819019 0.000038 0.027312 0.001738 1 2
58872.819057 0.000038 0.028291 0.001668 1 2
58872.819095 0.000038 0.027551 0.001689 1 2
58872.819133 0.000038 0.026204 0.001779 1 2
58872.819170 0.000038 0.029927 0.001688 1 2
58872.819208 0.000038 0.027137 0.001811 1 2
58872.819246 0.000038 0.027300 0.001777 1 2
58872.819284 0.000038 0.027025 0.001919 1 2
58872.819322 0.000038 0.027966 0.001655 1 2
58872.819359 0.000038 0.027908 0.001721 1 2
58872.819397 0.000038 0.029449 0.001780 1 2
58872.819435 0.000038 0.024259 0.002064 1 2
58872.819473 0.000038 0.027167 0.001810 1 2
58872.819511 0.000038 0.029171 0.001825 1 2
58872.819548 0.000038 0.027044 0.001988 1 2
58872.819586 0.000038 0.026245 0.001852 1 2
58872.819624 0.000038 0.028856 0.002039 1 2
58872.819662 0.000038 0.027259 0.001759 1 2
58872.819700 0.000038 0.028043 0.001764 1 2
58872.819737 0.000038 0.028470 0.001631 1 2
58872.819775 0.000038 0.027948 0.001782 1 2
58872.819813 0.000038 0.026423 0.001969 1 2
58872.819851 0.000038 0.022745 0.001867 1 2
58872.819889 0.000038 0.027987 0.001777 1 2
58872.819926 0.000038 0.028869 0.001919 1 2
58872.819964 0.000038 0.024597 0.002097 1 2
58872.820002 0.000038 0.027066 0.001814 1 2
58872.820040 0.000038 0.026913 0.001704 1 2
58872.820078 0.000038 0.027022 0.001839 1 2
58872.820115 0.000038 0.027887 0.001831 1 2
58872.820153 0.000038 0.027753 0.001895 1 2
58872.820191 0.000038 0.027850 0.001864 1 2
58872.820229 0.000038 0.027318 0.001989 1 2
58872.820267 0.000038 0.028792 0.001709 1 2
58872.820304 0.000038 0.027789 0.001915 1 2
58872.820342 0.000038 0.028040 0.001919 1 2
58872.820380 0.000038 0.028490 0.002260 1 2
58872.820418 0.000038 0.026821 0.001839 1 2
58872.820456 0.000038 0.024741 0.001662 1 2
58872.820493 0.000038 0.024888 0.001911 1 2
58872.820531 0.000038 0.029882 0.001861 1 2
58872.820569 0.000038 0.023913 0.001853 1 2
58872.820607 0.000038 0.027428 0.001792 1 2
58872.820645 0.000038 0.028600 0.001876 1 2
58872.820682 0.000038 0.026719 0.001591 1 2
58872.820720 0.000038 0.029140 0.001784 1 2
58872.820758 0.000038 0.029542 0.001821 1 2
58872.820796 0.000038 0.028267 0.001717 1 2
58872.820834 0.000038 0.023899 0.001713 1 2
58872.820871 0.000038 0.027473 0.001753 1 2
58872.820909 0.000038 0.027951 0.001833 1 2
58872.820947 0.000038 0.025966 0.001850 1 2
58872.820985 0.000038 0.026604 0.001779 1 2
58872.821023 0.000038 0.027265 0.001902 1 2
58872.821060 0.000038 0.026014 0.002003 1 2
58872.821098 0.000038 0.030141 0.001829 1 2
58872.821136 0.000038 0.026910 0.001797 1 2
58872.821174 0.000038 0.029016 0.001852 1 2
58872.821212 0.000038 0.030344 0.001861 1 2
58872.821249 0.000038 0.026142 0.001771 1 2
58872.821287 0.000038 0.027528 0.001802 1 2
58872.821325 0.000038 0.029193 0.001917 1 2
58872.821363 0.000038 0.024931 0.001876 1 2
58872.821401 0.000038 0.027494 0.001932 1 2
58872.821438 0.000038 0.030749 0.001820 1 2
58872.821476 0.000038 0.033732 0.002066 1 2
58872.821514 0.000038 0.027528 0.002017 1 2
58872.821552 0.000038 0.029090 0.001848 1 2
58872.821590 0.000038 0.027261 0.001849 1 2
58872.821627 0.000038 0.023269 0.001751 1 2
58872.821665 0.000038 0.029776 0.001966 1 2
58872.821703 0.000038 0.030224 0.001755 1 2
58872.821741 0.000038 0.025077 0.001786 1 2
58872.821779 0.000038 0.023547 0.001767 1 2
58872.821816 0.000038 0.027543 0.001697 1 2
58872.821854 0.000038 0.029007 0.001676 1 2
58872.821892 0.000038 0.031300 0.001781 1 2
58872.821930 0.000038 0.029175 0.001746 1 2
58872.821968 0.000038 0.026052 0.001727 1 2
58872.822005 0.000038 0.028753 0.001775 1 2
58872.822043 0.000038 0.027045 0.001753 1 2
58872.822081 0.000038 0.024962 0.001908 1 2
58872.822119 0.000038 0.028460 0.001780 1 2
58872.822157 0.000038 0.027827 0.001790 1 2
58872.822194 0.000038 0.027097 0.001790 1 2
58872.822232 0.000038 0.030207 0.001789 1 2
58872.822270 0.000038 0.029460 0.001869 1 2
58872.822308 0.000038 0.027023 0.001832 1 2
58872.822346 0.000038 0.026262 0.001893 1 2
58872.822383 0.000038 0.027165 0.001861 1 2
58872.822421 0.000038 0.027182 0.002336 1 2
58872.822459 0.000038 0.027172 0.001943 1 2
58872.822497 0.000038 0.028763 0.002080 1 2
58872.822535 0.000038 0.026578 0.002005 1 2
58872.822572 0.000038 0.028164 0.001684 1 2
58872.822610 0.000038 0.027181 0.001965 1 2
58872.822648 0.000038 0.030599 0.001824 1 2
58872.822686 0.000038 0.027720 0.001752 1 2
58872.822724 0.000038 0.026763 0.001842 1 2
58872.822761 0.000038 0.027150 0.002039 1 2
58872.822799 0.000038 0.027338 0.002093 1 2
58872.822837 0.000038 0.027625 0.001881 1 2
58872.822875 0.000038 0.030336 0.001852 1 2
58872.822913 0.000038 0.028232 0.002004 1 2
58872.822950 0.000038 0.030333 0.002252 1 2
58872.822988 0.000038 0.029131 0.001835 1 2
58872.823026 0.000038 0.025906 0.002297 1 2
58872.823064 0.000038 0.030340 0.001990 1 2
58872.823102 0.000038 0.029054 0.001907 1 2
58872.823139 0.000038 0.028633 0.001843 1 2
58872.823177 0.000038 0.031249 0.001774 1 2
58872.823215 0.000038 0.026796 0.001764 1 2
58872.823253 0.000038 0.032924 0.001779 1 2
58872.823291 0.000038 0.030526 0.001869 1 2
58872.823328 0.000038 0.029385 0.002071 1 2
58872.823366 0.000038 0.025617 0.001914 1 2
58872.823404 0.000038 0.030495 0.001889 1 2
58872.823442 0.000038 0.028568 0.002084 1 2
58872.823480 0.000038 0.030923 0.001944 1 2
58872.823517 0.000038 0.027799 0.001875 1 2
58872.823555 0.000038 0.028734 0.001926 1 2
58872.823593 0.000038 0.028726 0.001969 1 2
58872.823631 0.000038 0.026591 0.002053 1 2
58872.823669 0.000038 0.028231 0.001894 1 2
58872.823706 0.000038 0.028901 0.001887 1 2
58872.823744 0.000038 0.029867 0.001790 1 2
58872.823782 0.000038 0.026414 0.001878 1 2
58872.823820 0.000038 0.027286 0.001752 1 2
58872.823858 0.000038 0.026869 0.001888 1 2
58872.823895 0.000038 0.027678 0.002250 1 2
58872.823933 0.000038 0.032259 0.002084 1 2
58872.823971 0.000038 0.027831 0.001915 1 2
58872.824009 0.000038 0.029190 0.001857 1 2
58872.824047 0.000038 0.030824 0.001909 1 2
58872.824084 0.000038 0.028716 0.001837 1 2
58872.824122 0.000038 0.030796 0.001909 1 2
58872.824160 0.000038 0.026226 0.001827 1 2
58872.824198 0.000038 0.028418 0.001880 1 2
58872.824236 0.000038 0.028894 0.001864 1 2
58872.824273 0.000038 0.030391 0.001847 1 2
58872.824311 0.000038 0.032188 0.001906 1 2
58872.824349 0.000038 0.025668 0.001853 1 2
58872.824387 0.000038 0.028034 0.001914 1 2
58872.824425 0.000038 0.031054 0.001924 1 2
58872.824462 0.000038 0.032694 0.001980 1 2
58872.824500 0.000038 0.034581 0.002051 1 2
58872.824538 0.000038 0.031054 0.002007 1 2
58872.824576 0.000038 0.029490 0.001964 1 2
58872.824614 0.000038 0.029746 0.001811 1 2
58872.824651 0.000038 0.028477 0.001846 1 2
58872.824689 0.000038 0.025365 0.001916 1 2
58872.824727 0.000038 0.026220 0.001776 1 2
58872.824765 0.000038 0.028106 0.001991 1 2
58872.824803 0.000038 0.033259 0.002146 1 2
58872.824840 0.000038 0.028933 0.002030 1 2
58872.824878 0.000038 0.028601 0.001937 1 2
58872.824916 0.000038 0.030897 0.001907 1 2
58872.824954 0.000038 0.030359 0.001883 1 2
58872.824992 0.000038 0.027466 0.001869 1 2
58872.825029 0.000038 0.028935 0.001959 1 2
58872.825067 0.000038 0.028039 0.001860 1 2
58872.825105 0.000038 0.027516 0.001991 1 2
58872.825143 0.000038 0.026641 0.001916 1 2
58872.825181 0.000038 0.029823 0.001913 1 2
58872.825218 0.000038 0.033404 0.002049 1 2
58872.825256 0.000038 0.032426 0.002051 1 2
58872.825294 0.000038 0.031920 0.001941 1 2
58872.825332 0.000038 0.025321 0.001840 1 2
58872.825370 0.000038 0.033286 0.001897 1 2
58872.825407 0.000038 0.030379 0.001927 1 2
58872.825445 0.000038 0.030210 0.001939 1 2
58872.825483 0.000038 0.036920 0.001975 1 2
58872.825521 0.000038 0.030806 0.001947 1 2
58872.825559 0.000038 0.035399 0.001853 1 2
58872.825596 0.000038 0.033218 0.001953 1 2
58872.825634 0.000038 0.036643 0.001899 1 2
58872.825672 0.000038 0.033063 0.002107 1 2
58872.825710 0.000038 0.035098 0.001822 1 2
58872.825748 0.000038 0.031294 0.001908 1 2
58872.825785 0.000038 0.029785 0.001894 1 2
58872.825823 0.000038 0.033359 0.001791 1 2
58872.825861 0.000038 0.032524 0.001797 1 2
58872.825899 0.000038 0.027852 0.001715 1 2
58872.825937 0.000038 0.031375 0.001819 1 2
58872.825974 0.000038 0.033282 0.001834 1 2
58872.826012 0.000038 0.034736 0.002041 1 2
58872.826050 0.000038 0.031300 0.001838 1 2
58872.826088 0.000038 0.034821 0.001907 1 2
58872.826126 0.000038 0.032052 0.001968 1 2
58872.826163 0.000038 0.032030 0.001945 1 2
58872.826201 0.000038 0.030890 0.001832 1 2
58872.826239 0.000038 0.031043 0.001803 1 2
58872.826277 0.000038 0.036137 0.002010 1 2
58872.826315 0.000038 0.032900 0.001930 1 2
58872.826352 0.000038 0.031155 0.001825 1 2
58872.826390 0.000038 0.032017 0.001822 1 2
58872.826428 0.000038 0.034340 0.001920 1 2
58872.826466 0.000038 0.034901 0.002042 1 2
58872.826504 0.000038 0.031619 0.001908 1 2
58872.826541 0.000038 0.032025 0.001877 1 2
58872.826579 0.000038 0.035284 0.001903 1 2
58872.826617 0.000038 0.033844 0.001916 1 2
58872.826655 0.000038 0.033002 0.001848 1 2
58872.826693 0.000038 0.030991 0.001847 1 2
58872.826730 0.000038 0.029881 0.001831 1 2
58872.826768 0.000038 0.032745 0.001860 1 2
58872.826806 0.000038 0.032381 0.001938 1 2
58872.826844 0.000038 0.035066 0.001935 1 2
58872.826882 0.000038 0.031288 0.001983 1 2
58872.826919 0.000038 0.030909 0.002117 1 2
58872.826957 0.000038 0.032983 0.001994 1 2
58872.826995 0.000038 0.033740 0.001852 1 2
58872.827033 0.000038 0.033755 0.001841 1 2
58872.827071 0.000038 0.030660 0.001873 1 2
58872.827108 0.000038 0.033729 0.002000 1 2
58872.827146 0.000038 0.032249 0.001897 1 2
58872.827184 0.000038 0.032566 0.001890 1 2
58872.827222 0.000038 0.032198 0.001819 1 2
58872.827260 0.000038 0.036005 0.002058 1 2
58872.827297 0.000038 0.032208 0.001777 1 2
58872.827335 0.000038 0.035617 0.001928 1 2
58872.827373 0.000038 0.036711 0.002082 1 2
58872.827411 0.000038 0.029824 0.002128 1 2
58872.827449 0.000038 0.033088 0.001777 1 2
58872.827486 0.000038 0.033523 0.002017 1 2
58872.827524 0.000038 0.032923 0.001962 1 2
58872.827562 0.000038 0.031860 0.001929 1 2
58872.827600 0.000038 0.026930 0.001836 1 2
58872.827638 0.000038 0.030192 0.002197 1 2
58872.827675 0.000038 0.032635 0.002087 1 2
58872.827713 0.000038 0.028907 0.001931 1 2
58872.827751 0.000038 0.029882 0.002084 1 2
58872.827789 0.000038 0.029309 0.001959 1 2
58872.827827 0.000038 0.026058 0.002013 1 2
58872.827864 0.000038 0.033125 0.001938 1 2
58872.827902 0.000038 0.030835 0.001945 1 2
58872.827940 0.000038 0.030598 0.001878 1 2
58872.827978 0.000038 0.032475 0.002028 1 2
58872.828016 0.000038 0.031250 0.001960 1 2
58872.828053 0.000038 0.028360 0.001930 1 2
58872.828091 0.000038 0.030323 0.002265 1 2
58872.828129 0.000038 0.032150 0.002041 1 2
58872.828167 0.000038 0.030732 0.001850 1 2
58872.828205 0.000038 0.027873 0.001939 1 2
58872.828242 0.000038 0.031293 0.001938 1 2
58872.828280 0.000038 0.031099 0.002026 1 2
58872.828318 0.000038 0.030627 0.002133 1 2
58872.828356 0.000038 0.034622 0.002109 1 2
58872.828394 0.000038 0.027318 0.002057 1 2
58872.828431 0.000038 0.028819 0.002068 1 2
58872.828469 0.000038 0.032358 0.002116 1 2
58872.828507 0.000038 0.028930 0.001982 1 2
58872.828545 0.000038 0.032907 0.002024 1 2
58872.828583 0.000038 0.029394 0.002012 1 2
58872.828620 0.000038 0.031534 0.001982 1 2
58872.828658 0.000038 0.032292 0.002230 1 2
58872.828696 0.000038 0.030647 0.002214 1 2
58872.828734 0.000038 0.031848 0.002239 1 2
58872.828772 0.000038 0.028520 0.002056 1 2
58872.828809 0.000038 0.029727 0.002104 1 2
58872.828847 0.000038 0.025408 0.002153 1 2
58872.828885 0.000038 0.031479 0.002313 1 2
58872.828923 0.000038 0.027373 0.002121 1 2
58872.828961 0.000038 0.028353 0.002422 1 2
58872.828998 0.000038 0.030432 0.002249 1 2
58872.829036 0.000038 0.029766 0.002096 1 2
58872.829074 0.000038 0.029741 0.001993 1 2
58872.829112 0.000038 0.028010 0.002083 1 2
58872.829150 0.000038 0.027197 0.002163 1 2
58872.829187 0.000038 0.028665 0.002142 1 2
