57099.808841 0.000039 0.023560 0.001175 1 2
57099.808880 0.000039 0.020636 0.001110 1 2
57099.808919 0.000039 0.020077 0.001086 1 2
57099.808958 0.000039 0.019633 0.001047 1 2
57099.808996 0.000039 0.020339 0.001062 1 2
57099.809035 0.000039 0.025480 0.001270 1 2
57099.809074 0.000039 0.024163 0.001125 1 2
57099.809113 0.000039 0.019501 0.001110 1 2
57099.809152 0.000039 0.021289 0.001127 1 2
57099.809191 0.000039 0.021755 0.001125 1 2
57099.809230 0.000039 0.022828 0.001189 1 2
57099.809269 0.000039 0.021960 0.001074 1 2
57099.809308 0.000039 0.023145 0.001087 1 2
57099.809347 0.000039 0.024458 0.001162 1 2
57099.809386 0.000039 0.023195 0.001159 1 2
57099.809425 0.000039 0.024982 0.001337 1 2
57099.809464 0.000039 0.024347 0.001190 1 2
57099.809503 0.000039 0.022013 0.001123 1 2
57099.809542 0.000039 0.022636 0.001120 1 2
57099.809581 0.000039 0.023549 0.001199 1 2
57099.809620 0.000039 0.021828 0.001042 1 2
57099.809659 0.000039 0.022786 0.001108 1 2
57099.809698 0.000039 0.021517 0.001108 1 2
57099.809737 0.000039 0.021790 0.001003 1 2
57099.809776 0.000039 0.025699 0.001079 1 2
57099.809815 0.000039 0.025171 0.001170 1 2
57099.809854 0.000039 0.022355 0.001155 1 2
57099.809893 0.000039 0.023260 0.001182 1 2
57099.809932 0.000039 0.026282 0.001324 1 2
57099.809971 0.000039 0.022680 0.001121 1 2
57099.810010 0.000039 0.024345 0.001184 1 2
57099.810049 0.000039 0.024607 0.001202 1 2
57099.810088 0.000039 0.026995 0.001223 1 2
57099.810127 0.000039 0.025314 0.001445 1 2
57099.810166 0.000039 0.026252 0.001206 1 2
57099.810205 0.000039 0.024988 0.001197 1 2
57099.810244 0.000039 0.022332 0.001184 1 2
57099.810283 0.000039 0.024978 0.001187 1 2
57099.810322 0.000039 0.023785 0.001217 1 2
57099.810361 0.000039 0.022193 0.001395 1 2
57099.810400 0.000039 0.022225 0.001184 1 2
57099.810438 0.000039 0.023764 0.001133 1 2
57099.810477 0.000039 0.027067 0.001398 1 2
57099.810516 0.000039 0.027212 0.001410 1 2
57099.810555 0.000039 0.026055 0.001220 1 2
57099.810594 0.000039 0.026867 0.001283 1 2
57099.810633 0.000039 0.024834 0.001334 1 2
57099.810672 0.000039 0.024603 0.001210 1 2
57099.810711 0.000039 0.023968 0.001153 1 2
57099.810750 0.000039 0.026588 0.001213 1 2
57099.810789 0.000039 0.024606 0.001223 1 2
57099.810828 0.000039 0.024453 0.001194 1 2
57099.810867 0.000039 0.023995 0.001382 1 2
57099.810906 0.000039 0.024577 0.001260 1 2
57099.810945 0.000039 0.025595 0.001214 1 2
57099.810984 0.000039 0.023973 0.001122 1 2
57099.811023 0.000039 0.024300 0.001126 1 2
57099.811062 0.000039 0.025754 0.001180 1 2
57099.811101 0.000039 0.023888 0.001195 1 2
57099.811140 0.000039 0.024988 0.001260 1 2
57099.811179 0.000039 0.026717 0.001338 1 2
57099.811218 0.000039 0.023763 0.001225 1 2
57099.811257 0.000039 0.023343 0.001334 1 2
57099.811296 0.000039 0.023162 0.001192 1 2
57099.811335 0.000039 0.024056 0.001156 1 2
57099.811374 0.000039 0.024348 0.001178 1 2
57099.811413 0.000039 0.026128 0.001378 1 2
57099.811452 0.000039 0.023893 0.001120 1 2
57099.811491 0.000039 0.025079 0.001131 1 2
57099.811530 0.000039 0.027283 0.001205 1 2
57099.811569 0.000039 0.024160 0.001123 1 2
57099.811608 0.000039 0.025326 0.001209 1 2
57099.811647 0.000039 0.021725 0.001124 1 2
57099.811686 0.000039 0.026373 0.001258 1 2
57099.811725 0.000039 0.026476 0.001285 1 2
57099.811764 0.000039 0.025006 0.001155 1 2
57099.811803 0.000039 0.024124 0.001152 1 2
57099.811842 0.000039 0.024881 0.001176 1 2
57099.811880 0.000039 0.025166 0.001200 1 2
57099.811919 0.000039 0.026743 0.001249 1 2
57099.811958 0.000039 0.024743 0.001286 1 2
57099.811997 0.000039 0.027424 0.001305 1 2
57099.812036 0.000039 0.026519 0.001267 1 2
57099.812075 0.000039 0.028378 0.001283 1 2
57099.812114 0.000039 0.028354 0.001327 1 2
57099.812153 0.000039 0.027700 0.001294 1 2
57099.812192 0.000039 0.027600 0.001214 1 2
57099.812231 0.000039 0.023837 0.001211 1 2
57099.812270 0.000039 0.028179 0.001230 1 2
57099.812309 0.000039 0.029006 0.001189 1 2
57099.812348 0.000039 0.026232 0.001126 1 2
57099.812387 0.000039 0.027001 0.001259 1 2
57099.812426 0.000039 0.027036 0.001207 1 2
57099.812465 0.000039 0.026531 0.001117 1 2
57099.812504 0.000039 0.028370 0.001189 1 2
57099.812543 0.000039 0.025778 0.001147 1 2
57099.812582 0.000039 0.024133 0.001131 1 2
57099.812621 0.000039 0.025929 0.001156 1 2
57099.812660 0.000039 0.026715 0.001146 1 2
57099.812699 0.000039 0.025068 0.001132 1 2
57099.812738 0.000039 0.023706 0.001108 1 2
57099.812777 0.000039 0.027254 0.001154 1 2
57099.812816 0.000039 0.029657 0.001231 1 2
57099.812855 0.000039 0.028928 0.001208 1 2
57099.812894 0.000039 0.030240 0.001222 1 2
57099.812933 0.000039 0.025922 0.001127 1 2
57099.812972 0.000039 0.028686 0.001258 1 2
57099.813011 0.000039 0.031277 0.001230 1 2
57099.813050 0.000039 0.030933 0.001276 1 2
57099.813089 0.000039 0.027950 0.001139 1 2
57099.813128 0.000039 0.030610 0.001265 1 2
57099.813167 0.000039 0.028191 0.001292 1 2
57099.813206 0.000039 0.029438 0.001209 1 2
57099.813245 0.000039 0.030447 0.001186 1 2
57099.813284 0.000039 0.028993 0.001215 1 2
57099.813322 0.000039 0.032778 0.001335 1 2
57099.813361 0.000039 0.032427 0.001302 1 2
57099.813400 0.000039 0.029805 0.001322 1 2
57099.813439 0.000039 0.030194 0.001248 1 2
57099.813478 0.000039 0.031205 0.001323 1 2
57099.813517 0.000039 0.032100 0.001325 1 2
57099.813556 0.000039 0.024467 0.001354 1 2
57099.813595 0.000039 0.025732 0.001216 1 2
57099.813634 0.000039 0.027675 0.001274 1 2
57099.813673 0.000039 0.026637 0.001263 1 2
57099.813712 0.000039 0.025666 0.001236 1 2
57099.813751 0.000039 0.027116 0.001172 1 2
57099.813790 0.000039 0.027691 0.001248 1 2
57099.813829 0.000039 0.031565 0.001347 1 2
57099.813868 0.000039 0.029563 0.001243 1 2
57099.813907 0.000039 0.030631 0.001367 1 2
57099.813946 0.000039 0.026367 0.001335 1 2
57099.813985 0.000039 0.028143 0.001318 1 2
57099.814024 0.000039 0.027778 0.001367 1 2
57099.814063 0.000039 0.026008 0.001385 1 2
57099.814102 0.000039 0.025467 0.001144 1 2
57099.814141 0.000039 0.025501 0.001166 1 2
57099.814180 0.000039 0.024960 0.001190 1 2
57099.814219 0.000039 0.025105 0.001165 1 2
57099.814258 0.000039 0.023894 0.001207 1 2
57099.814297 0.000039 0.027631 0.001485 1 2
57099.814336 0.000039 0.028798 0.001396 1 2
57099.814375 0.000039 0.025501 0.001334 1 2
57099.814414 0.000039 0.027637 0.001300 1 2
57099.814453 0.000039 0.030312 0.001225 1 2
57099.814492 0.000039 0.025801 0.001159 1 2
57099.814531 0.000039 0.029608 0.001235 1 2
57099.814570 0.000039 0.028434 0.001226 1 2
57099.814609 0.000039 0.027527 0.001228 1 2
57099.814648 0.000039 0.031405 0.001381 1 2
57099.814687 0.000039 0.026162 0.001219 1 2
57099.814726 0.000039 0.029763 0.001227 1 2
57099.814764 0.000039 0.030080 0.001340 1 2
57099.814803 0.000039 0.031152 0.001269 1 2
57099.814842 0.000039 0.030202 0.001307 1 2
57099.814881 0.000039 0.027314 0.001277 1 2
57099.814920 0.000039 0.031600 0.001383 1 2
57099.814959 0.000039 0.029332 0.001325 1 2
57099.814998 0.000039 0.028086 0.001163 1 2
57099.815037 0.000039 0.026514 0.001145 1 2
57099.815076 0.000039 0.028776 0.001202 1 2
57099.815115 0.000039 0.029876 0.001137 1 2
57099.815154 0.000039 0.031577 0.001166 1 2
57099.815193 0.000039 0.030381 0.001290 1 2
57099.815232 0.000039 0.031434 0.001244 1 2
57099.815271 0.000039 0.028844 0.001281 1 2
57099.815310 0.000039 0.029877 0.001383 1 2
57099.815349 0.000039 0.030193 0.001243 1 2
57099.815388 0.000039 0.028055 0.001243 1 2
57099.815427 0.000039 0.030455 0.001289 1 2
57099.815466 0.000039 0.034268 0.001260 1 2
57099.815505 0.000039 0.029794 0.001253 1 2
57099.815544 0.000039 0.031162 0.001393 1 2
57099.815583 0.000039 0.026308 0.001246 1 2
57099.815622 0.000039 0.025999 0.001153 1 2
57099.815661 0.000039 0.024958 0.001370 1 2
57099.815700 0.000039 0.026707 0.001241 1 2
57099.815739 0.000039 0.025535 0.001150 1 2
57099.815778 0.000039 0.025401 0.001374 1 2
57099.815817 0.000039 0.026666 0.001240 1 2
57099.815856 0.000039 0.025368 0.001277 1 2
57099.815895 0.000039 0.029217 0.001207 1 2
57099.815934 0.000039 0.026340 0.001209 1 2
57099.815973 0.000039 0.027937 0.001257 1 2
57099.816012 0.000039 0.027556 0.001205 1 2
57099.816051 0.000039 0.031141 0.001220 1 2
57099.816090 0.000039 0.027797 0.001293 1 2
57099.816129 0.000039 0.028701 0.001225 1 2
57099.816168 0.000039 0.027768 0.001277 1 2
57099.816206 0.000039 0.030171 0.001305 1 2
57099.816245 0.000039 0.030038 0.001290 1 2
57099.816284 0.000039 0.029452 0.001310 1 2
57099.816323 0.000039 0.027912 0.001335 1 2
57099.816362 0.000039 0.029340 0.001260 1 2
57099.816401 0.000039 0.027058 0.001427 1 2
57099.816440 0.000039 0.028829 0.001336 1 2
57099.816479 0.000039 0.030359 0.001218 1 2
57099.816518 0.000039 0.027299 0.001291 1 2
57099.816557 0.000039 0.029303 0.001365 1 2
57099.816596 0.000039 0.027465 0.001442 1 2
57099.816635 0.000039 0.027175 0.001194 1 2
57099.816674 0.000039 0.025925 0.001286 1 2
57099.816713 0.000039 0.025243 0.001163 1 2
57099.816752 0.000039 0.027330 0.001268 1 2
57099.816791 0.000039 0.024292 0.001127 1 2
57099.816830 0.000039 0.026351 0.001169 1 2
57099.816869 0.000039 0.028172 0.001229 1 2
57099.816908 0.000039 0.029293 0.001249 1 2
57099.816947 0.000039 0.027166 0.001197 1 2
57099.816986 0.000039 0.025357 0.001206 1 2
57099.817025 0.000039 0.026366 0.001251 1 2
57099.817064 0.000039 0.026811 0.001297 1 2
57099.817103 0.000039 0.026783 0.001230 1 2
57099.817142 0.000039 0.027527 0.001227 1 2
57099.817181 0.000039 0.028293 0.001230 1 2
57099.817220 0.000039 0.028274 0.001324 1 2
57099.817259 0.000039 0.030640 0.001295 1 2
57099.817298 0.000039 0.029327 0.001340 1 2
57099.817337 0.000039 0.031627 0.001331 1 2
57099.817376 0.000039 0.031793 0.001388 1 2
57099.817415 0.000039 0.029746 0.001234 1 2
57099.817454 0.000039 0.028151 0.001212 1 2
57099.817493 0.000039 0.027892 0.001247 1 2
57099.817532 0.000039 0.027622 0.001288 1 2
57099.817571 0.000039 0.027440 0.001170 1 2
57099.817610 0.000039 0.029937 0.001236 1 2
57099.817648 0.000039 0.031168 0.001319 1 2
57099.817687 0.000039 0.027207 0.001398 1 2
57099.817726 0.000039 0.030087 0.001362 1 2
57099.817765 0.000039 0.028683 0.001271 1 2
57099.817804 0.000039 0.031489 0.001323 1 2
57099.817843 0.000039 0.030827 0.001285 1 2
57099.817882 0.000039 0.029026 0.001258 1 2
57099.817921 0.000039 0.028262 0.001143 1 2
57099.817960 0.000039 0.030138 0.001239 1 2
57099.817999 0.000039 0.030949 0.001324 1 2
57099.818038 0.000039 0.027600 0.001425 1 2
57099.818077 0.000039 0.029339 0.001521 1 2
57099.818116 0.000039 0.030325 0.001474 1 2
57099.818155 0.000039 0.027594 0.001402 1 2
57099.818194 0.000039 0.030433 0.001351 1 2
57099.818233 0.000039 0.029829 0.001231 1 2
57099.818272 0.000039 0.028991 0.001277 1 2
57099.818311 0.000039 0.031321 0.001372 1 2
57099.818350 0.000039 0.031454 0.001395 1 2
57099.818389 0.000039 0.025822 0.001183 1 2
57099.818428 0.000039 0.028513 0.001389 1 2
57099.818467 0.000039 0.029982 0.001323 1 2
57099.818506 0.000039 0.028416 0.001343 1 2
57099.818545 0.000039 0.027888 0.001398 1 2
57099.818584 0.000039 0.030400 0.001469 1 2
57099.818623 0.000039 0.025601 0.001232 1 2
57099.818662 0.000039 0.028296 0.001263 1 2
57099.818701 0.000039 0.029320 0.001341 1 2
57099.818740 0.000039 0.028344 0.001466 1 2
57099.818779 0.000039 0.027628 0.001475 1 2
57099.818818 0.000039 0.025821 0.001431 1 2
57099.818857 0.000039 0.025577 0.001290 1 2
57099.818896 0.000039 0.026090 0.001333 1 2
57099.818935 0.000039 0.032033 0.001359 1 2
57099.818974 0.000039 0.029569 0.001388 1 2
57099.819013 0.000039 0.029005 0.001450 1 2
57099.819052 0.000039 0.029795 0.001282 1 2
57099.819090 0.000039 0.028214 0.001229 1 2
57099.819129 0.000039 0.028807 0.001325 1 2
57099.819168 0.000039 0.030542 0.001327 1 2
57099.819207 0.000039 0.028931 0.001220 1 2
57099.819246 0.000039 0.028188 0.001238 1 2
57099.819285 0.000039 0.028206 0.001257 1 2
57099.819324 0.000039 0.027135 0.001226 1 2
57099.819363 0.000039 0.029891 0.001394 1 2
57099.819402 0.000039 0.027850 0.001593 1 2
57099.819441 0.000039 0.030704 0.001229 1 2
57099.819480 0.000039 0.031237 0.001302 1 2
57099.819519 0.000039 0.029580 0.001262 1 2
57099.819558 0.000039 0.030484 0.001387 1 2
57099.819597 0.000039 0.032400 0.001310 1 2
57099.819636 0.000039 0.028210 0.001316 1 2
57099.819675 0.000039 0.030207 0.001323 1 2
57099.819714 0.000039 0.028452 0.001225 1 2
57099.819753 0.000039 0.029820 0.001261 1 2
57099.819792 0.000039 0.027434 0.001252 1 2
57099.819831 0.000039 0.029594 0.001253 1 2
57099.819870 0.000039 0.025702 0.001132 1 2
57099.819909 0.000039 0.028975 0.001399 1 2
57099.819948 0.000039 0.026883 0.001177 1 2
57099.819987 0.000039 0.028741 0.001220 1 2
57099.820026 0.000039 0.028141 0.001187 1 2
57099.820065 0.000039 0.030053 0.001268 1 2
57099.820104 0.000039 0.028795 0.001203 1 2
57099.820143 0.000039 0.032965 0.001523 1 2
57099.820182 0.000039 0.031696 0.001273 1 2
57099.820221 0.000039 0.029497 0.001186 1 2
57099.820260 0.000039 0.027765 0.001235 1 2
57099.820299 0.000039 0.030661 0.001232 1 2
57099.820338 0.000039 0.026640 0.001184 1 2
57099.820377 0.000039 0.027433 0.001257 1 2
57099.820416 0.000039 0.030615 0.001412 1 2
57099.820455 0.000039 0.028330 0.001326 1 2
57099.820494 0.000039 0.030855 0.001289 1 2
57099.820532 0.000039 0.029166 0.001263 1 2
57099.820571 0.000039 0.027919 0.001160 1 2
57099.820610 0.000039 0.029871 0.001325 1 2
57099.820649 0.000039 0.029670 0.001264 1 2
57099.820688 0.000039 0.028171 0.001197 1 2
57099.820727 0.000039 0.025880 0.001154 1 2
57099.820766 0.000039 0.027423 0.001145 1 2
57099.820805 0.000039 0.028709 0.001190 1 2
57099.820844 0.000039 0.027422 0.001200 1 2
57099.820883 0.000039 0.026041 0.001101 1 2
57099.820922 0.000039 0.028250 0.001165 1 2
57099.820961 0.000039 0.026425 0.001163 1 2
57099.821000 0.000039 0.027067 0.001191 1 2
57099.821039 0.000039 0.029073 0.001369 1 2
57099.821078 0.000039 0.028195 0.001245 1 2
57099.821117 0.000039 0.025985 0.001161 1 2
57099.821156 0.000039 0.027726 0.001251 1 2
57099.821195 0.000039 0.028002 0.001302 1 2
57099.821234 0.000039 0.025081 0.001149 1 2
57099.821273 0.000039 0.025719 0.001312 1 2
57099.821312 0.000039 0.024500 0.001134 1 2
57099.821351 0.000039 0.025339 0.001126 1 2
57099.821390 0.000039 0.026282 0.001217 1 2
57099.821429 0.000039 0.026646 0.001194 1 2
57099.821468 0.000039 0.026141 0.001288 1 2
57099.821507 0.000039 0.024872 0.001291 1 2
57099.821546 0.000039 0.024138 0.001207 1 2
57099.821585 0.000039 0.026190 0.001388 1 2
57099.821624 0.000039 0.023306 0.001133 1 2
57099.821663 0.000039 0.027359 0.001200 1 2
57099.821702 0.000039 0.026960 0.001244 1 2
57099.821741 0.000039 0.027686 0.001432 1 2
57099.821780 0.000039 0.027951 0.001464 1 2
57099.821819 0.000039 0.025630 0.001131 1 2
57099.821858 0.000039 0.027283 0.001215 1 2
57099.821897 0.000039 0.027886 0.001271 1 2
57099.821936 0.000039 0.027519 0.001207 1 2
57099.821974 0.000039 0.026548 0.001242 1 2
57099.822013 0.000039 0.025845 0.001311 1 2
57099.822052 0.000039 0.026426 0.001285 1 2
57099.822091 0.000039 0.027846 0.001649 1 2
57099.822130 0.000039 0.025948 0.001712 1 2
57099.822169 0.000039 0.025998 0.001694 1 2
57099.822208 0.000039 0.027423 0.001404 1 2
57099.822247 0.000039 0.025899 0.001343 1 2
57099.822286 0.000039 0.025505 0.001179 1 2
57099.822325 0.000039 0.026238 0.001260 1 2
57099.822364 0.000039 0.025736 0.001245 1 2
57099.822403 0.000039 0.026649 0.001256 1 2
57099.822442 0.000039 0.025444 0.001294 1 2
57099.822481 0.000039 0.026137 0.001394 1 2
57099.822520 0.000039 0.025207 0.001430 1 2
57099.822559 0.000039 0.027447 0.001318 1 2
57099.822598 0.000039 0.027006 0.001385 1 2
57099.822637 0.000039 0.026207 0.001308 1 2
57099.822676 0.000039 0.023810 0.001414 1 2
57099.822715 0.000039 0.023898 0.001194 1 2
57099.822754 0.000039 0.026295 0.001367 1 2
57099.822793 0.000039 0.025739 0.001308 1 2
57099.822832 0.000039 0.026260 0.001571 1 2
57099.822871 0.000039 0.025095 0.001246 1 2
57099.822910 0.000039 0.025539 0.001356 1 2
57099.822949 0.000039 0.023672 0.001290 1 2
57099.822988 0.000039 0.026708 0.001309 1 2
57099.823027 0.000039 0.021381 0.001233 1 2
57099.823066 0.000039 0.022975 0.001200 1 2
57099.823105 0.000039 0.025160 0.001254 1 2
57099.823144 0.000039 0.022510 0.001175 1 2
57099.823183 0.000039 0.026596 0.001297 1 2
57099.823222 0.000039 0.027966 0.001372 1 2
57099.823261 0.000039 0.023342 0.001136 1 2
57099.823300 0.000039 0.024956 0.001275 1 2
57099.823339 0.000039 0.025544 0.001293 1 2
57099.823378 0.000039 0.022110 0.001436 1 2
57099.823416 0.000039 0.024931 0.001230 1 2
57099.823455 0.000039 0.024199 0.001136 1 2
57099.823494 0.000039 0.025334 0.001382 1 2
57099.823533 0.000039 0.025640 0.001218 1 2
57099.823572 0.000039 0.025206 0.001259 1 2
57099.823611 0.000039 0.020612 0.001233 1 2
57099.823650 0.000039 0.023488 0.001207 1 2
57099.823689 0.000039 0.023619 0.001195 1 2
57099.823728 0.000039 0.022750 0.001215 1 2
57099.823767 0.000039 0.025597 0.001310 1 2
57099.823806 0.000039 0.024664 0.001251 1 2
57099.823845 0.000039 0.022300 0.001279 1 2
57099.823884 0.000039 0.024765 0.001371 1 2
57099.823923 0.000039 0.024256 0.001177 1 2
57099.823962 0.000039 0.020045 0.001159 1 2
57099.824001 0.000039 0.027041 0.001234 1 2
57099.824040 0.000039 0.021636 0.001107 1 2
57099.824079 0.000039 0.021770 0.001186 1 2
57099.824118 0.000039 0.024496 0.001170 1 2
57099.824157 0.000039 0.027785 0.001464 1 2
57099.824196 0.000039 0.026916 0.001250 1 2
57099.824235 0.000039 0.024791 0.001258 1 2
57099.824274 0.000039 0.025024 0.001160 1 2
57099.824313 0.000039 0.022039 0.001084 1 2
57099.824352 0.000039 0.027157 0.001186 1 2
57099.824391 0.000039 0.024734 0.001237 1 2
57099.824430 0.000039 0.023983 0.001163 1 2
57099.824469 0.000039 0.025294 0.001167 1 2
57099.824508 0.000039 0.025386 0.001124 1 2
57099.824547 0.000039 0.023478 0.001280 1 2
57099.824586 0.000039 0.023602 0.001218 1 2
57099.824625 0.000039 0.027027 0.001206 1 2
57099.824664 0.000039 0.023722 0.001285 1 2
57099.824703 0.000039 0.025047 0.001256 1 2
57099.824742 0.000039 0.025591 0.001229 1 2
57099.824781 0.000039 0.022622 0.001182 1 2
57099.824820 0.000039 0.021709 0.001213 1 2
57099.824858 0.000039 0.024137 0.001128 1 2
57099.824897 0.000039 0.023412 0.001165 1 2
57099.824936 0.000039 0.022027 0.001273 1 2
57099.824975 0.000039 0.024655 0.001146 1 2
57099.825014 0.000039 0.022442 0.001167 1 2
57099.825053 0.000039 0.022003 0.001197 1 2
57099.825092 0.000039 0.023952 0.001220 1 2
57099.825131 0.000039 0.021409 0.001124 1 2
57099.825170 0.000039 0.023854 0.001224 1 2
57099.825209 0.000039 0.023997 0.001223 1 2
57099.825248 0.000039 0.023045 0.001210 1 2
57099.825287 0.000039 0.023459 0.001254 1 2
57099.825326 0.000039 0.021315 0.001276 1 2
57099.825365 0.000039 0.024873 0.001242 1 2
57099.825404 0.000039 0.023314 0.001159 1 2
57099.825443 0.000039 0.021636 0.001093 1 2
57099.825482 0.000039 0.023234 0.001155 1 2
57099.825521 0.000039 0.024192 0.001270 1 2
57099.825560 0.000039 0.023819 0.001206 1 2
57099.825599 0.000039 0.022987 0.001168 1 2
57099.825638 0.000039 0.022432 0.001175 1 2
57099.825677 0.000039 0.022822 0.001354 1 2
57099.825716 0.000039 0.024098 0.001308 1 2
57099.825755 0.000039 0.021879 0.001106 1 2
57099.825794 0.000039 0.021282 0.001075 1 2
57099.825833 0.000039 0.024465 0.001312 1 2
57099.825872 0.000039 0.022953 0.001228 1 2
57099.825911 0.000039 0.020543 0.001089 1 2
57099.825950 0.000039 0.023011 0.001166 1 2
57099.825989 0.000039 0.025408 0.001401 1 2
57099.826028 0.000039 0.023308 0.001507 1 2
57099.826067 0.000039 0.021204 0.001476 1 2
57099.826106 0.000039 0.022895 0.001357 1 2
57099.826145 0.000039 0.023510 0.001411 1 2
57099.826184 0.000039 0.022383 0.001300 1 2
57099.826223 0.000039 0.019390 0.001173 1 2
57099.826262 0.000039 0.024588 0.001178 1 2
57099.826300 0.000039 0.023755 0.001200 1 2
57099.826339 0.000039 0.020116 0.001134 1 2
57099.826378 0.000039 0.022050 0.001239 1 2
57099.826417 0.000039 0.021129 0.001160 1 2
57099.826456 0.000039 0.020302 0.001160 1 2
57099.826495 0.000039 0.022524 0.001219 1 2
57099.826534 0.000039 0.022219 0.001215 1 2
57099.826573 0.000039 0.023874 0.001272 1 2
57099.826612 0.000039 0.026333 0.001282 1 2
57099.826651 0.000039 0.023423 0.001222 1 2
57099.826690 0.000039 0.021154 0.001174 1 2
57099.826729 0.000039 0.023917 0.001136 1 2
57099.826768 0.000039 0.020387 0.001157 1 2
57099.826807 0.000039 0.024508 0.001286 1 2
57099.826846 0.000039 0.023893 0.001141 1 2
57099.826885 0.000039 0.023595 0.001196 1 2
57099.826924 0.000039 0.023478 0.001340 1 2
57099.826963 0.000039 0.023991 0.001252 1 2
57099.827002 0.000039 0.022063 0.001183 1 2
57099.827041 0.000039 0.022083 0.001157 1 2
57099.827080 0.000039 0.021413 0.001131 1 2
57099.827119 0.000039 0.022964 0.001216 1 2
57099.827158 0.000039 0.022173 0.001161 1 2
57099.827197 0.000039 0.022085 0.001192 1 2
57099.827236 0.000039 0.021385 0.001227 1 2
57099.827275 0.000039 0.023752 0.001240 1 2
57099.827314 0.000039 0.021789 0.001161 1 2
57099.827353 0.000039 0.025853 0.001258 1 2
57099.827392 0.000039 0.023808 0.001090 1 2
57099.827431 0.000039 0.021542 0.001111 1 2
57099.827470 0.000039 0.020564 0.001135 1 2
57099.827509 0.000039 0.021774 0.001171 1 2
57099.827548 0.000039 0.022993 0.001226 1 2
57099.827587 0.000039 0.024346 0.001204 1 2
57099.827626 0.000039 0.022609 0.001162 1 2
57099.827665 0.000039 0.021265 0.001163 1 2
57099.827704 0.000039 0.023500 0.001300 1 2
57099.827742 0.000039 0.022603 0.001125 1 2
57099.827781 0.000039 0.023732 0.001183 1 2
57099.827820 0.000039 0.019997 0.001206 1 2
57099.827859 0.000039 0.022640 0.001180 1 2
57099.827898 0.000039 0.021634 0.001161 1 2
57099.827937 0.000039 0.021802 0.001188 1 2
57099.827976 0.000039 0.022311 0.001138 1 2
57099.828015 0.000039 0.021856 0.001107 1 2
57099.828054 0.000039 0.022972 0.001178 1 2
57099.828093 0.000039 0.022087 0.001203 1 2
57099.828132 0.000039 0.022267 0.001306 1 2
57099.828171 0.000039 0.023481 0.001361 1 2
57099.828210 0.000039 0.020506 0.001289 1 2
57099.828249 0.000039 0.022342 0.001342 1 2
57099.828288 0.000039 0.022602 0.001283 1 2
57099.828327 0.000039 0.024329 0.001398 1 2
57099.828366 0.000039 0.024949 0.001290 1 2
57099.828405 0.000039 0.022063 0.001338 1 2
57099.828444 0.000039 0.025879 0.001409 1 2
57099.828483 0.000039 0.024758 0.001280 1 2
57099.828522 0.000039 0.020177 0.001134 1 2
57099.828561 0.000039 0.022898 0.001207 1 2
57099.828600 0.000039 0.021368 0.001214 1 2
57099.828639 0.000039 0.021998 0.001156 1 2
57099.828678 0.000039 0.020767 0.001302 1 2
57099.828717 0.000039 0.022029 0.001247 1 2
57099.828756 0.000039 0.020805 0.001155 1 2
57099.828795 0.000039 0.021224 0.001163 1 2
57099.828834 0.000039 0.020905 0.001248 1 2
57099.828873 0.000039 0.021507 0.001249 1 2
57099.828912 0.000039 0.021321 0.001253 1 2
57099.828951 0.000039 0.022396 0.001372 1 2
57099.828990 0.000039 0.025141 0.001435 1 2
57099.829029 0.000039 0.022358 0.001480 1 2
57099.829068 0.000039 0.025765 0.001599 1 2
57099.829107 0.000039 0.022929 0.001459 1 2
57099.829146 0.000039 0.021015 0.001469 1 2
57099.829184 0.000039 0.024003 0.001500 1 2
57099.829223 0.000039 0.024154 0.001382 1 2
57099.829262 0.000039 0.021408 0.001272 1 2
57099.829301 0.000039 0.022537 0.001503 1 2
57099.829340 0.000039 0.024675 0.001293 1 2
57099.829379 0.000039 0.024070 0.001292 1 2
57099.829418 0.000039 0.024777 0.001397 1 2
57099.829457 0.000039 0.023961 0.001449 1 2
57099.829496 0.000039 0.021725 0.001231 1 2
57099.829535 0.000039 0.024685 0.001255 1 2
57099.829574 0.000039 0.024365 0.001523 1 2
57099.829613 0.000039 0.023633 0.001363 1 2
57099.829652 0.000039 0.025194 0.001363 1 2
57099.829691 0.000039 0.022805 0.001287 1 2
57099.829730 0.000039 0.021815 0.001340 1 2
57099.829769 0.000039 0.025329 0.001435 1 2
57099.829808 0.000039 0.021304 0.001419 1 2
57099.829847 0.000039 0.019861 0.001401 1 2
57099.829886 0.000039 0.023295 0.001548 1 2
57099.829925 0.000039 0.025239 0.001443 1 2
57099.829964 0.000039 0.022149 0.001401 1 2
57099.830003 0.000039 0.021872 0.001209 1 2
57099.830042 0.000039 0.023185 0.001150 1 2
57099.830081 0.000039 0.020602 0.001359 1 2
57099.830120 0.000039 0.022162 0.001369 1 2
57099.830159 0.000039 0.024259 0.001545 1 2
57099.830198 0.000039 0.021677 0.001374 1 2
57099.830237 0.000039 0.025927 0.001293 1 2
57099.830276 0.000039 0.023378 0.001408 1 2
57099.830315 0.000039 0.022921 0.001664 1 2
57099.830354 0.000039 0.022252 0.001547 1 2
57099.830393 0.000039 0.020729 0.001517 1 2
57099.830432 0.000039 0.023881 0.001557 1 2
57099.830471 0.000039 0.023936 0.001374 1 2
57099.830510 0.000039 0.021124 0.001406 1 2
57099.830549 0.000039 0.025584 0.001380 1 2
57099.830588 0.000039 0.024112 0.001296 1 2
57099.830626 0.000039 0.023984 0.001238 1 2
57099.830665 0.000039 0.027271 0.001534 1 2
57099.830704 0.000039 0.026355 0.001437 1 2
57099.830743 0.000039 0.023303 0.001368 1 2
57099.830782 0.000039 0.025062 0.001258 1 2
57099.830821 0.000039 0.022125 0.001234 1 2
57099.830860 0.000039 0.022547 0.001383 1 2
57099.830899 0.000039 0.023680 0.001274 1 2
57099.830938 0.000039 0.024027 0.001311 1 2
57099.830977 0.000039 0.023894 0.001245 1 2
57099.831016 0.000039 0.024322 0.001260 1 2
57099.831055 0.000039 0.021408 0.001349 1 2
57099.831094 0.000039 0.024783 0.001360 1 2
57099.831133 0.000039 0.021252 0.001325 1 2
57099.831172 0.000039 0.018776 0.001523 1 2
57099.831211 0.000039 0.017308 0.001126 1 2
57099.831250 0.000039 0.015924 0.001118 1 2
57099.831289 0.000039 0.011265 0.001148 1 2
57099.831328 0.000039 0.007144 0.001036 1 2
57099.831367 0.000039 0.006565 0.000994 1 2
57099.831406 0.000039 0.005396 0.001076 1 2
57099.831445 0.000039 0.004864 0.001044 1 2
57099.831484 0.000039 0.002477 0.001069 1 2
57099.831523 0.000039 0.001410 0.001008 1 2
57099.831562 0.000039 0.000542 0.001036 1 2
57099.831601 0.000039 0.001390 0.001158 1 2
57099.831640 0.000039 0.001793 0.001244 1 2
57099.831679 0.000039 0.002981 0.001113 1 2
57099.831718 0.000039 -0.000542 -0.001208 1 2
57099.831757 0.000039 0.002134 0.001103 1 2
57099.831796 0.000039 0.001707 0.001109 1 2
57099.831835 0.000039 0.001432 0.001141 1 2
57099.831874 0.000039 0.000580 0.001130 1 2
57099.831913 0.000039 0.003539 0.001090 1 2
57099.831952 0.000039 0.001444 0.001000 1 2
57099.831991 0.000039 0.000325 0.001154 1 2
57099.832030 0.000039 0.001708 0.001199 1 2
57099.832068 0.000039 0.003420 0.001323 1 2
57099.832107 0.000039 0.002125 0.001167 1 2
57099.832146 0.000039 0.001339 0.001115 1 2
57099.832185 0.000039 0.001314 0.001031 1 2
57099.832224 0.000039 0.001946 0.001042 1 2
57099.832263 0.000039 0.001436 0.001183 1 2
57099.832302 0.000039 0.000606 0.001244 1 2
57099.832341 0.000039 0.001337 0.001308 1 2
57099.832380 0.000039 0.000572 0.001240 1 2
57099.832419 0.000039 0.000118 0.000993 1 2
57099.832458 0.000039 -0.000538 -0.001251 1 2
57099.832497 0.000039 0.001296 0.001315 1 2
57099.832536 0.000039 -0.000594 -0.001018 1 2
57099.832575 0.000039 0.000920 0.001053 1 2
57099.832614 0.000039 0.000693 0.001145 1 2
57099.832653 0.000039 0.002937 0.001089 1 2
57099.832692 0.000039 -0.000131 -0.001109 1 2
57099.832731 0.000039 0.002533 0.001066 1 2
57099.832770 0.000039 0.001800 0.001082 1 2
57099.832809 0.000039 -0.000564 -0.000976 1 2
57099.832848 0.000039 -0.000478 -0.001070 1 2
57099.832887 0.000039 0.002057 0.001107 1 2
57099.832926 0.000039 0.000412 0.001257 1 2
57099.832965 0.000039 0.000641 0.001090 1 2
57099.833004 0.000039 -0.001148 -0.001052 1 2
57099.833043 0.000039 0.002692 0.001196 1 2
57099.833082 0.000039 0.001486 0.001287 1 2
57099.833121 0.000039 0.000723 0.001090 1 2
57099.833160 0.000039 0.000142 0.001114 1 2
57099.833199 0.000039 -0.000038 -0.001344 1 2
57099.833238 0.000039 0.001417 0.001220 1 2
57099.833277 0.000039 0.000784 0.001187 1 2
57099.833316 0.000039 0.002889 0.001310 1 2
57099.833355 0.000039 0.000119 0.001272 1 2
57099.833394 0.000039 0.003710 0.001465 1 2
57099.833433 0.000039 0.001556 0.001343 1 2
57099.833472 0.000039 0.002225 0.001320 1 2
57099.833510 0.000039 0.002930 0.001179 1 2
57099.833549 0.000039 0.003559 0.001149 1 2
57099.833588 0.000039 0.004552 0.001105 1 2
57099.833627 0.000039 0.003793 0.001306 1 2
57099.833666 0.000039 0.005201 0.001178 1 2
57099.833705 0.000039 0.006315 0.001316 1 2
57099.833744 0.000039 0.008853 0.001319 1 2
57099.833783 0.000039 0.006912 0.001158 1 2
57099.833822 0.000039 0.011462 0.001276 1 2
57099.833861 0.000039 0.014520 0.001208 1 2
57099.833900 0.000039 0.016300 0.001332 1 2
57099.833939 0.000039 0.020302 0.001308 1 2
57099.833978 0.000039 0.021191 0.001295 1 2
57099.834017 0.000039 0.019683 0.001274 1 2
57099.834056 0.000039 0.020271 0.001269 1 2
57099.834095 0.000039 0.021261 0.001347 1 2
57099.834134 0.000039 0.018181 0.001263 1 2
57099.834173 0.000039 0.020750 0.001241 1 2
57099.834212 0.000039 0.019481 0.001190 1 2
57099.834251 0.000039 0.022804 0.001245 1 2
57099.834290 0.000039 0.020586 0.001270 1 2
57099.834329 0.000039 0.019585 0.001267 1 2
57099.834368 0.000039 0.020209 0.001229 1 2
57099.834407 0.000039 0.020584 0.001192 1 2
57099.834446 0.000039 0.019075 0.001303 1 2
57099.834485 0.000039 0.022515 0.001339 1 2
57099.834524 0.000039 0.020726 0.001409 1 2
57099.834563 0.000039 0.021275 0.001519 1 2
57099.834602 0.000039 0.020083 0.001477 1 2
57099.834641 0.000039 0.020589 0.001572 1 2
57099.834680 0.000039 0.021761 0.001320 1 2
57099.834719 0.000039 0.020540 0.001259 1 2
57099.834758 0.000039 0.023602 0.001396 1 2
57099.834797 0.000039 0.022706 0.001282 1 2
57099.834836 0.000039 0.024555 0.001238 1 2
57099.834875 0.000039 0.024230 0.001334 1 2
57099.834914 0.000039 0.022538 0.001305 1 2
57099.834952 0.000039 0.024185 0.001238 1 2
57099.834991 0.000039 0.021834 0.001277 1 2
57099.835030 0.000039 0.023856 0.001232 1 2
57099.835069 0.000039 0.022488 0.001268 1 2
57099.835108 0.000039 0.022802 0.001387 1 2
57099.835147 0.000039 0.024838 0.001313 1 2
57099.835186 0.000039 0.025443 0.001242 1 2
57099.835225 0.000039 0.025560 0.001161 1 2
57099.835264 0.000039 0.024156 0.001221 1 2
57099.835303 0.000039 0.024585 0.001212 1 2
57099.835342 0.000039 0.022094 0.001157 1 2
57099.835381 0.000039 0.023109 0.001233 1 2
57099.835420 0.000039 0.023381 0.001375 1 2
57099.835459 0.000039 0.021337 0.001251 1 2
57099.835498 0.000039 0.022390 0.001266 1 2
57099.835537 0.000039 0.021130 0.001169 1 2
57099.835576 0.000039 0.021875 0.001336 1 2
57099.835615 0.000039 0.021214 0.001402 1 2
57099.835654 0.000039 0.021948 0.001255 1 2
57099.835693 0.000039 0.022175 0.001265 1 2
57099.835732 0.000039 0.019439 0.001325 1 2
57099.835771 0.000039 0.023488 0.001327 1 2
57099.835810 0.000039 0.021741 0.001223 1 2
57099.835849 0.000039 0.023425 0.001213 1 2
57099.835888 0.000039 0.018962 0.001329 1 2
57099.835927 0.000039 0.022955 0.001504 1 2
57099.835966 0.000039 0.023658 0.001662 1 2
57099.836005 0.000039 0.025435 0.001704 1 2
57099.836044 0.000039 0.023645 0.001507 1 2
57099.836083 0.000039 0.024440 0.001796 1 2
57099.836122 0.000039 0.022067 0.001509 1 2
57099.836161 0.000039 0.020462 0.001453 1 2
57099.836200 0.000039 0.023111 0.001449 1 2
57099.836239 0.000039 0.018649 0.001387 1 2
57099.836278 0.000039 0.021685 0.001367 1 2
57099.836317 0.000039 0.019750 0.001327 1 2
57099.836356 0.000039 0.024279 0.001485 1 2
57099.836394 0.000039 0.023013 0.001335 1 2
57099.836433 0.000039 0.022700 0.001260 1 2
57099.836472 0.000039 0.021171 0.001382 1 2
57099.836511 0.000039 0.022595 0.001344 1 2
57099.836550 0.000039 0.020701 0.001232 1 2
57099.836589 0.000039 0.020676 0.001177 1 2
57099.836628 0.000039 0.022090 0.001199 1 2
57099.836667 0.000039 0.020711 0.001203 1 2
57099.836706 0.000039 0.016883 0.001220 1 2
57099.836745 0.000039 0.021108 0.001417 1 2
57099.836784 0.000039 0.023330 0.001376 1 2
57099.836823 0.000039 0.023063 0.001347 1 2
57099.836862 0.000039 0.023320 0.001194 1 2
57099.836901 0.000039 0.019705 0.001224 1 2
57099.836940 0.000039 0.022868 0.001245 1 2
57099.836979 0.000039 0.020891 0.001219 1 2
57099.837018 0.000039 0.022271 0.001234 1 2
57099.837057 0.000039 0.022742 0.001292 1 2
57099.837096 0.000039 0.022177 0.001263 1 2
57099.837135 0.000039 0.023411 0.001405 1 2
57099.837174 0.000039 0.023234 0.001501 1 2
57099.837213 0.000039 0.021483 0.001315 1 2
57099.837252 0.000039 0.022478 0.001422 1 2
57099.837291 0.000039 0.021393 0.001357 1 2
57099.837330 0.000039 0.019779 0.001335 1 2
57099.837369 0.000039 0.021537 0.001288 1 2
57099.837408 0.000039 0.018597 0.001214 1 2
57099.837447 0.000039 0.021676 0.001310 1 2
57099.837486 0.000039 0.018938 0.001298 1 2
57099.837525 0.000039 0.022328 0.001482 1 2
57099.837564 0.000039 0.018637 0.001332 1 2
57099.837603 0.000039 0.020852 0.001300 1 2
57099.837642 0.000039 0.020635 0.001169 1 2
57099.837681 0.000039 0.021608 0.001233 1 2
57099.837720 0.000039 0.024348 0.001214 1 2
57099.837759 0.000039 0.021976 0.001223 1 2
57099.837798 0.000039 0.018037 0.001114 1 2
57099.837836 0.000039 0.019199 0.001365 1 2
57099.837875 0.000039 0.024070 0.001560 1 2
57099.837914 0.000039 0.022485 0.001376 1 2
57099.837953 0.000039 0.021786 0.001256 1 2
57099.837992 0.000039 0.022323 0.001292 1 2
57099.838031 0.000039 0.019116 0.001167 1 2
57099.838070 0.000039 0.022035 0.001305 1 2
57099.838109 0.000039 0.021554 0.001225 1 2
57099.838148 0.000039 0.021212 0.001275 1 2
57099.838187 0.000039 0.023237 0.001278 1 2
57099.838226 0.000039 0.021003 0.001227 1 2
57099.838265 0.000039 0.021400 0.001238 1 2
57099.838304 0.000039 0.021643 0.001250 1 2
57099.838343 0.000039 0.021532 0.001278 1 2
57099.838382 0.000039 0.022984 0.001253 1 2
57099.838421 0.000039 0.021703 0.001210 1 2
57099.838460 0.000039 0.022469 0.001254 1 2
57099.838499 0.000039 0.020510 0.001219 1 2
57099.838538 0.000039 0.021371 0.001313 1 2
57099.838577 0.000039 0.022575 0.001259 1 2
57099.838616 0.000039 0.019084 0.001161 1 2
57099.838655 0.000039 0.021372 0.001171 1 2
57099.838694 0.000039 0.021527 0.001163 1 2
57099.838733 0.000039 0.021190 0.001236 1 2
57099.838772 0.000039 0.024582 0.001274 1 2
57099.838811 0.000039 0.018867 0.001251 1 2
57099.838850 0.000039 0.021944 0.001278 1 2
57099.838889 0.000039 0.020350 0.001206 1 2
57099.838928 0.000039 0.023567 0.001213 1 2
57099.838967 0.000039 0.022242 0.001185 1 2
57099.839006 0.000039 0.023078 0.001171 1 2
57099.839045 0.000039 0.019987 0.001195 1 2
57099.839084 0.000039 0.021341 0.001210 1 2
57099.839123 0.000039 0.021312 0.001134 1 2
57099.839162 0.000039 0.022230 0.001334 1 2
57099.839201 0.000039 0.020330 0.001236 1 2
57099.839240 0.000039 0.020485 0.001180 1 2
57099.839278 0.000039 0.020779 0.001170 1 2
57099.839317 0.000039 0.022079 0.001258 1 2
57099.839356 0.000039 0.020556 0.001303 1 2
57099.839395 0.000039 0.023850 0.001367 1 2
57099.839434 0.000039 0.021300 0.001292 1 2
57099.839473 0.000039 0.021020 0.001427 1 2
57099.839512 0.000039 0.019807 0.001411 1 2
57099.839551 0.000039 0.020801 0.001338 1 2
57099.839590 0.000039 0.018907 0.001263 1 2
57099.839629 0.000039 0.018475 0.001436 1 2
57099.839668 0.000039 0.020117 0.001283 1 2
57099.839707 0.000039 0.022477 0.001411 1 2
57099.839746 0.000039 0.019853 0.001222 1 2
57099.839785 0.000039 0.019287 0.001266 1 2
57099.839824 0.000039 0.018688 0.001201 1 2
57099.839863 0.000039 0.020970 0.001202 1 2
57099.839902 0.000039 0.020824 0.001272 1 2
57099.839941 0.000039 0.021078 0.001261 1 2
57099.839980 0.000039 0.020139 0.001302 1 2
57099.840019 0.000039 0.020089 0.001297 1 2
57099.840058 0.000039 0.020392 0.001328 1 2
57099.840097 0.000039 0.018317 0.001426 1 2
57099.840136 0.000039 0.020037 0.001210 1 2
57099.840175 0.000039 0.018933 0.001225 1 2
57099.840214 0.000039 0.018439 0.001211 1 2
57099.840253 0.000039 0.019654 0.001281 1 2
57099.840292 0.000039 0.020390 0.001283 1 2
57099.840331 0.000039 0.019416 0.001273 1 2
57099.840370 0.000039 0.021685 0.001255 1 2
57099.840409 0.000039 0.017919 0.001333 1 2
57099.840448 0.000039 0.019256 0.001356 1 2
57099.840487 0.000039 0.021852 0.001493 1 2
57099.840526 0.000039 0.022100 0.001396 1 2
57099.840565 0.000039 0.022214 0.001281 1 2
57099.840604 0.000039 0.018138 0.001245 1 2
57099.840643 0.000039 0.021538 0.001249 1 2
57099.840682 0.000039 0.020534 0.001248 1 2
57099.840720 0.000039 0.024515 0.001261 1 2
57099.840759 0.000039 0.020812 0.001240 1 2
57099.840798 0.000039 0.022206 0.001240 1 2
57099.840837 0.000039 0.021816 0.001358 1 2
57099.840876 0.000039 0.021424 0.001327 1 2
57099.840915 0.000039 0.020297 0.001227 1 2
57099.840954 0.000039 0.020912 0.001142 1 2
57099.840993 0.000039 0.022906 0.001209 1 2
57099.841032 0.000039 0.019711 0.001273 1 2
57099.841071 0.000039 0.020848 0.001193 1 2
57099.841110 0.000039 0.019478 0.001119 1 2
57099.841149 0.000039 0.019457 0.001123 1 2
57099.841188 0.000039 0.020253 0.001136 1 2
57099.841227 0.000039 0.020678 0.001222 1 2
57099.841266 0.000039 0.020342 0.001198 1 2
57099.841305 0.000039 0.019202 0.001224 1 2
57099.841344 0.000039 0.018680 0.001155 1 2
57099.841383 0.000039 0.020957 0.001237 1 2
57099.841422 0.000039 0.021510 0.001158 1 2
57099.841461 0.000039 0.019831 0.001125 1 2
57099.841500 0.000039 0.019730 0.001166 1 2
57099.841539 0.000039 0.020326 0.001141 1 2
57099.841578 0.000039 0.020103 0.001134 1 2
57099.841617 0.000039 0.019088 0.001222 1 2
57099.841656 0.000039 0.021565 0.001219 1 2
57099.841695 0.000039 0.019591 0.001141 1 2
57099.841734 0.000039 0.018635 0.001205 1 2
57099.841773 0.000039 0.019424 0.001140 1 2
57099.841812 0.000039 0.019596 0.001117 1 2
57099.841851 0.000039 0.021173 0.001314 1 2
57099.841890 0.000039 0.022324 0.001295 1 2
57099.841929 0.000039 0.019808 0.001213 1 2
57099.841968 0.000039 0.019549 0.001239 1 2
57099.842007 0.000039 0.019290 0.001299 1 2
57099.842046 0.000039 0.018278 0.001301 1 2
57099.842085 0.000039 0.021745 0.001501 1 2
57099.842124 0.000039 0.019133 0.001307 1 2
57099.842162 0.000039 0.019020 0.001242 1 2
57099.842201 0.000039 0.019697 0.001193 1 2
57099.842240 0.000039 0.021452 0.001273 1 2
57099.842279 0.000039 0.017273 0.001204 1 2
57099.842318 0.000039 0.019647 0.001309 1 2
57099.842357 0.000039 0.020704 0.001232 1 2
57099.842396 0.000039 0.019602 0.001261 1 2
57099.842435 0.000039 0.020921 0.001218 1 2
57099.842474 0.000039 0.020145 0.001230 1 2
57099.842513 0.000039 0.017977 0.001349 1 2
57099.842552 0.000039 0.022066 0.001302 1 2
57099.842591 0.000039 0.018837 0.001220 1 2
57099.842630 0.000039 0.020558 0.001330 1 2
57099.842669 0.000039 0.021432 0.001399 1 2
57099.842708 0.000039 0.021767 0.001398 1 2
57099.842747 0.000039 0.021557 0.001453 1 2
57099.842786 0.000039 0.019847 0.001637 1 2
57099.842825 0.000039 0.022279 0.001471 1 2
57099.842864 0.000039 0.020740 0.001536 1 2
57099.842903 0.000039 0.018912 0.001392 1 2
57099.842942 0.000039 0.018736 0.001340 1 2
57099.842981 0.000039 0.019816 0.001261 1 2
57099.843020 0.000039 0.020111 0.001210 1 2
57099.843059 0.000039 0.019608 0.001372 1 2
57099.843098 0.000039 0.021274 0.001416 1 2
57099.843137 0.000039 0.018155 0.001220 1 2
57099.843176 0.000039 0.020236 0.001182 1 2
57099.843215 0.000039 0.019353 0.001221 1 2
57099.843254 0.000039 0.018387 0.001182 1 2
57099.843293 0.000039 0.019075 0.001241 1 2
57099.843332 0.000039 0.019446 0.001225 1 2
57099.843371 0.000039 0.020766 0.001151 1 2
57099.843410 0.000039 0.019736 0.001232 1 2
57099.843449 0.000039 0.019245 0.001301 1 2
57099.843488 0.000039 0.018626 0.001282 1 2
57099.843527 0.000039 0.021428 0.001258 1 2
57099.843566 0.000039 0.020033 0.001296 1 2
57099.843604 0.000039 0.019746 0.001256 1 2
57099.843643 0.000039 0.021125 0.001240 1 2
57099.843682 0.000039 0.020682 0.001178 1 2
57099.843721 0.000039 0.019534 0.001183 1 2
57099.843760 0.000039 0.021309 0.001279 1 2
57099.843799 0.000039 0.019641 0.001256 1 2
57099.843838 0.000039 0.019151 0.001243 1 2
57099.843877 0.000039 0.019822 0.001209 1 2
57099.843916 0.000039 0.018969 0.001303 1 2
57099.843955 0.000039 0.020399 0.001281 1 2
57099.843994 0.000039 0.020173 0.001364 1 2
57099.844033 0.000039 0.018595 0.001219 1 2
57099.844072 0.000039 0.020859 0.001249 1 2
57099.844111 0.000039 0.017180 0.001139 1 2
57099.844150 0.000039 0.018832 0.001249 1 2
57099.844189 0.000039 0.020376 0.001356 1 2
57099.844228 0.000039 0.018666 0.001363 1 2
57099.844267 0.000039 0.019218 0.001419 1 2
57099.844306 0.000039 0.019311 0.001299 1 2
57099.844345 0.000039 0.021259 0.001312 1 2
57099.844384 0.000039 0.018451 0.001278 1 2
57099.844423 0.000039 0.017367 0.001283 1 2
57099.844462 0.000039 0.016526 0.001198 1 2
57099.844501 0.000039 0.018125 0.001218 1 2
57099.844540 0.000039 0.018036 0.001180 1 2
57099.844579 0.000039 0.017191 0.001141 1 2
57099.844618 0.000039 0.014968 0.001177 1 2
57099.844657 0.000039 0.020573 0.001364 1 2
57099.844696 0.000039 0.020716 0.001313 1 2
57099.844735 0.000039 0.017868 0.001212 1 2
57099.844774 0.000039 0.019342 0.001223 1 2
57099.844813 0.000039 0.022028 0.001171 1 2
57099.844852 0.000039 0.018277 0.001188 1 2
57099.844891 0.000039 0.018775 0.001204 1 2
57099.844930 0.000039 0.018760 0.001291 1 2
57099.844969 0.000039 0.015687 0.001339 1 2
57099.845008 0.000039 0.018099 0.001328 1 2
57099.845046 0.000039 0.019649 0.001267 1 2
57099.845085 0.000039 0.019663 0.001270 1 2
57099.845124 0.000039 0.018710 0.001223 1 2
57099.845163 0.000039 0.019767 0.001270 1 2
57099.845202 0.000039 0.018438 0.001227 1 2
57099.845241 0.000039 0.017866 0.001270 1 2
57099.845280 0.000039 0.018039 0.001240 1 2
57099.845319 0.000039 0.018121 0.001301 1 2
57099.845358 0.000039 0.018423 0.001283 1 2
57099.845397 0.000039 0.016827 0.001199 1 2
57099.845436 0.000039 0.019550 0.001233 1 2
57099.845475 0.000039 0.020710 0.001146 1 2
57099.845514 0.000039 0.019320 0.001245 1 2
57099.845553 0.000039 0.019343 0.001270 1 2
57099.845592 0.000039 0.019845 0.001390 1 2
57099.845631 0.000039 0.020292 0.001482 1 2
57099.845670 0.000039 0.019000 0.001414 1 2
57099.845709 0.000039 0.020078 0.001270 1 2
57099.845748 0.000039 0.019472 0.001280 1 2
57099.845787 0.000039 0.017930 0.001259 1 2
57099.845826 0.000039 0.017910 0.001462 1 2
57099.845865 0.000039 0.022471 0.001625 1 2
57099.845904 0.000039 0.022277 0.002021 1 2
57099.845943 0.000039 0.020606 0.001859 1 2
57099.845982 0.000039 0.016673 0.001594 1 2
57099.846021 0.000039 0.017128 0.001377 1 2
57099.846060 0.000039 0.018966 0.001353 1 2
57099.846099 0.000039 0.020439 0.001461 1 2
57099.846138 0.000039 0.019522 0.001478 1 2
57099.846177 0.000039 0.020807 0.001354 1 2
57099.846216 0.000039 0.018309 0.001335 1 2
57099.846255 0.000039 0.018413 0.001364 1 2
57099.846294 0.000039 0.020394 0.001325 1 2
57099.846333 0.000039 0.019674 0.001348 1 2
57099.846372 0.000039 0.017051 0.001384 1 2
57099.846411 0.000039 0.018403 0.001251 1 2
57099.846450 0.000039 0.017824 0.001278 1 2
57099.846488 0.000039 0.021489 0.001174 1 2
57099.846527 0.000039 0.020858 0.001144 1 2
57099.846566 0.000039 0.018276 0.001224 1 2
57099.846605 0.000039 0.019313 0.001308 1 2
57099.846644 0.000039 0.020321 0.001459 1 2
57099.846683 0.000039 0.017908 0.001230 1 2
57099.846722 0.000039 0.019478 0.001253 1 2
57099.846761 0.000039 0.019672 0.001427 1 2
57099.846800 0.000039 0.018878 0.001342 1 2
57099.846839 0.000039 0.021249 0.001824 1 2
57099.846878 0.000039 0.015767 0.001495 1 2
57099.846917 0.000039 0.019307 0.001536 1 2
57099.846956 0.000039 0.024836 0.001640 1 2
57099.846995 0.000039 0.017336 0.001416 1 2
57099.847034 0.000039 0.016909 0.001304 1 2
57099.847073 0.000039 0.019496 0.001324 1 2
57099.847112 0.000039 0.016015 0.001194 1 2
57099.847151 0.000039 0.019964 0.001277 1 2
57099.847190 0.000039 0.020578 0.001335 1 2
57099.847229 0.000039 0.018818 0.001271 1 2
57099.847268 0.000039 0.018080 0.001240 1 2
57099.847307 0.000039 0.017292 0.001180 1 2
57099.847346 0.000039 0.020529 0.001237 1 2
57099.847385 0.000039 0.017744 0.001274 1 2
57099.847424 0.000039 0.019739 0.001264 1 2
57099.847463 0.000039 0.018692 0.001175 1 2
57099.847502 0.000039 0.018197 0.001199 1 2
57099.847541 0.000039 0.018405 0.001356 1 2
57099.847580 0.000039 0.018861 0.001264 1 2
57099.847619 0.000039 0.018582 0.001216 1 2
57099.847658 0.000039 0.019745 0.001236 1 2
57099.847697 0.000039 0.020496 0.001218 1 2
57099.847736 0.000039 0.017887 0.001289 1 2
57099.847775 0.000039 0.017758 0.001385 1 2
57099.847814 0.000039 0.020632 0.001656 1 2
57099.847853 0.000039 0.021724 0.001520 1 2
57099.847892 0.000039 0.019203 0.001816 1 2
57099.847930 0.000039 0.017442 0.001591 1 2
57099.847969 0.000039 0.020440 0.001489 1 2
57099.848008 0.000039 0.015866 0.001405 1 2
57099.848047 0.000039 0.019590 0.001400 1 2
57099.848086 0.000039 0.018474 0.001302 1 2
57099.848125 0.000039 0.016310 0.001236 1 2
57099.848164 0.000039 0.020818 0.001440 1 2
57099.848203 0.000039 0.021100 0.001366 1 2
57099.848242 0.000039 0.021395 0.001523 1 2
57099.848281 0.000039 0.019451 0.001352 1 2
57099.848320 0.000039 0.021095 0.001331 1 2
57099.848359 0.000039 0.022369 0.001305 1 2
57099.848398 0.000039 0.018446 0.001260 1 2
57099.848437 0.000039 0.017638 0.001319 1 2
57099.848476 0.000039 0.018419 0.001331 1 2
57099.848515 0.000039 0.020400 0.001346 1 2
57099.848554 0.000039 0.017500 0.001280 1 2
57099.848593 0.000039 0.018925 0.001239 1 2
57099.848632 0.000039 0.018863 0.001362 1 2
57099.848671 0.000039 0.018857 0.001176 1 2
57099.848710 0.000039 0.019497 0.001155 1 2
57099.848749 0.000039 0.022061 0.001263 1 2
57099.848788 0.000039 0.020596 0.001348 1 2
57099.848827 0.000039 0.018864 0.001376 1 2
57099.848866 0.000039 0.020059 0.001356 1 2
57099.848905 0.000039 0.016151 0.001218 1 2
57099.848944 0.000039 0.019508 0.001298 1 2
57099.848983 0.000039 0.017174 0.001243 1 2
57099.849022 0.000039 0.019910 0.001304 1 2
57099.849061 0.000039 0.018916 0.001329 1 2
57099.849100 0.000039 0.020358 0.001361 1 2
57099.849139 0.000039 0.018771 0.001538 1 2
57099.849178 0.000039 0.019970 0.001398 1 2
57099.849217 0.000039 0.017645 0.001321 1 2
57099.849256 0.000039 0.019404 0.001308 1 2
57099.849295 0.000039 0.018706 0.001249 1 2
57099.849334 0.000039 0.019532 0.001383 1 2
57099.849372 0.000039 0.019674 0.001332 1 2
57099.849411 0.000039 0.018782 0.001236 1 2
57099.849450 0.000039 0.017417 0.001239 1 2
57099.849489 0.000039 0.022125 0.001267 1 2
57099.849528 0.000039 0.019233 0.001202 1 2
57099.849567 0.000039 0.020385 0.001396 1 2
57099.849606 0.000039 0.017330 0.001373 1 2
57099.849645 0.000039 0.018867 0.001362 1 2
57099.849684 0.000039 0.019571 0.001341 1 2
57099.849723 0.000039 0.021495 0.001428 1 2
57099.849762 0.000039 0.021372 0.001667 1 2
57099.849801 0.000039 0.020704 0.001319 1 2
57099.849840 0.000039 0.018278 0.001177 1 2
57099.849879 0.000039 0.019925 0.001245 1 2
57099.849918 0.000039 0.019976 0.001306 1 2
57099.849957 0.000039 0.018089 0.001493 1 2
57099.849996 0.000039 0.019691 0.001535 1 2
57099.850035 0.000039 0.017925 0.001557 1 2
57099.850074 0.000039 0.019421 0.001511 1 2
57099.850113 0.000039 0.018153 0.001464 1 2
57099.850152 0.000039 0.017600 0.001432 1 2
57099.850191 0.000039 0.016057 0.001363 1 2
57099.850230 0.000039 0.017241 0.001344 1 2
57099.850269 0.000039 0.023185 0.001338 1 2
57099.850308 0.000039 0.019012 0.001314 1 2
57099.850347 0.000039 0.017764 0.001288 1 2
57099.850386 0.000039 0.019554 0.001369 1 2
57099.850425 0.000039 0.018987 0.001488 1 2
57099.850464 0.000039 0.022991 0.001621 1 2
57099.850503 0.000039 0.019960 0.001565 1 2
57099.850542 0.000039 0.018949 0.001544 1 2
57099.850581 0.000039 0.019616 0.001804 1 2
57099.850620 0.000039 0.018348 0.001667 1 2
57099.850659 0.000039 0.020105 0.001535 1 2
57099.850698 0.000039 0.018162 0.001495 1 2
57099.850737 0.000039 0.017280 0.001486 1 2
57099.850776 0.000039 0.022307 0.001922 1 2
57099.850814 0.000039 0.018899 0.001622 1 2
57099.850853 0.000039 0.022794 0.001348 1 2
57099.850892 0.000039 0.017831 0.001334 1 2
57099.850931 0.000039 0.020241 0.001287 1 2
57099.850970 0.000039 0.017504 0.001205 1 2
57099.851009 0.000039 0.018427 0.001278 1 2
57099.851048 0.000039 0.017566 0.001221 1 2
57099.851087 0.000039 0.019587 0.001282 1 2
57099.851126 0.000039 0.021904 0.001249 1 2
57099.851165 0.000039 0.018316 0.001193 1 2
57099.851204 0.000039 0.015660 0.001240 1 2
57099.851243 0.000039 0.022706 0.001310 1 2
57099.851282 0.000039 0.019699 0.001318 1 2
57099.851321 0.000039 0.019310 0.001290 1 2
57099.851360 0.000039 0.022922 0.001531 1 2
57099.851399 0.000039 0.021006 0.001413 1 2
57099.851438 0.000039 0.019768 0.001243 1 2
57099.851477 0.000039 0.021410 0.001326 1 2
57099.851516 0.000039 0.018972 0.001248 1 2
57099.851555 0.000039 0.017958 0.001190 1 2
57099.851594 0.000039 0.020784 0.001280 1 2
57099.851633 0.000039 0.020651 0.001274 1 2
57099.851672 0.000039 0.021159 0.001222 1 2
57099.851711 0.000039 0.020742 0.001239 1 2
57099.851750 0.000039 0.019902 0.001293 1 2
57099.851789 0.000039 0.020233 0.001269 1 2
57099.851828 0.000039 0.020257 0.001244 1 2
57099.851867 0.000039 0.021562 0.001211 1 2
57099.851906 0.000039 0.018834 0.001287 1 2
57099.851945 0.000039 0.020371 0.001381 1 2
57099.851984 0.000039 0.021099 0.001365 1 2
57099.852023 0.000039 0.019424 0.001469 1 2
57099.852062 0.000039 0.020728 0.001393 1 2
57099.852101 0.000039 0.018763 0.001252 1 2
57099.852140 0.000039 0.019699 0.001418 1 2
57099.852179 0.000039 0.020043 0.001437 1 2
57099.852218 0.000039 0.021460 0.001481 1 2
57099.852256 0.000039 0.020904 0.001365 1 2
57099.852295 0.000039 0.021136 0.001412 1 2
57099.852334 0.000039 0.020513 0.001383 1 2
57099.852373 0.000039 0.018652 0.001267 1 2
57099.852412 0.000039 0.020796 0.001332 1 2
57099.852451 0.000039 0.020754 0.001375 1 2
57099.852490 0.000039 0.019987 0.001342 1 2
57099.852529 0.000039 0.018347 0.001306 1 2
57099.852568 0.000039 0.021581 0.001430 1 2
57099.852607 0.000039 0.021951 0.001406 1 2
57099.852646 0.000039 0.021171 0.001343 1 2
57099.852685 0.000039 0.018087 0.001251 1 2
57099.852724 0.000039 0.020651 0.001284 1 2
57099.852763 0.000039 0.020069 0.001278 1 2
57099.852802 0.000039 0.018785 0.001271 1 2
57099.852841 0.000039 0.020660 0.001276 1 2
57099.852880 0.000039 0.017190 0.001396 1 2
57099.852919 0.000039 0.020132 0.001340 1 2
57099.852958 0.000039 0.017927 0.001377 1 2
57099.852997 0.000039 0.020888 0.001370 1 2
57099.853036 0.000039 0.020975 0.001329 1 2
57099.853075 0.000039 0.020930 0.001273 1 2
57099.853114 0.000039 0.020605 0.001327 1 2
57099.853153 0.000039 0.021893 0.001328 1 2
57099.853192 0.000039 0.020275 0.001274 1 2
57099.853231 0.000039 0.021090 0.001325 1 2
57099.853270 0.000039 0.019435 0.001422 1 2
57099.853309 0.000039 0.019382 0.001343 1 2
57099.853348 0.000039 0.018525 0.001405 1 2
57099.853387 0.000039 0.019403 0.001426 1 2
57099.853426 0.000039 0.021027 0.001536 1 2
57099.853465 0.000039 0.018687 0.001437 1 2
57099.853504 0.000039 0.019060 0.001356 1 2
57099.853543 0.000039 0.018155 0.001318 1 2
57099.853582 0.000039 0.017876 0.001314 1 2
57099.853621 0.000039 0.019603 0.001406 1 2
57099.853660 0.000039 0.021892 0.001587 1 2
57099.853698 0.000039 0.016985 0.001551 1 2
57099.853737 0.000039 0.020344 0.001431 1 2
57099.853776 0.000039 0.018537 0.001336 1 2
57099.853815 0.000039 0.022711 0.001399 1 2
57099.853854 0.000039 0.020604 0.001377 1 2
57099.853893 0.000039 0.018098 0.001369 1 2
57099.853932 0.000039 0.022688 0.001425 1 2
57099.853971 0.000039 0.019705 0.001397 1 2
57099.854010 0.000039 0.021321 0.001350 1 2
57099.854049 0.000039 0.019366 0.001281 1 2
57099.854088 0.000039 0.020091 0.001276 1 2
57099.854127 0.000039 0.019673 0.001256 1 2
57099.854166 0.000039 0.021446 0.001291 1 2
57099.854205 0.000039 0.022608 0.001379 1 2
57099.854244 0.000039 0.022647 0.001398 1 2
57099.854283 0.000039 0.019828 0.001378 1 2
57099.854322 0.000039 0.020023 0.001279 1 2
57099.854361 0.000039 0.023137 0.001427 1 2
57099.854400 0.000039 0.023002 0.001508 1 2
57099.854439 0.000039 0.020349 0.001368 1 2
57099.854478 0.000039 0.018164 0.001406 1 2
57099.854517 0.000039 0.018347 0.001605 1 2
57099.854556 0.000039 0.023948 0.001621 1 2
57099.854595 0.000039 0.019005 0.001440 1 2
57099.854634 0.000039 0.024898 0.001534 1 2
57099.854673 0.000039 0.024414 0.001537 1 2
57099.854712 0.000039 0.018611 0.001632 1 2
57099.854751 0.000039 0.019166 0.001565 1 2
57099.854790 0.000039 0.021841 0.001498 1 2
57099.854829 0.000039 0.021246 0.001468 1 2
57099.854868 0.000039 0.023701 0.001662 1 2
57099.854907 0.000039 0.020036 0.001774 1 2
57099.854946 0.000039 0.020052 0.001515 1 2
57099.854985 0.000039 0.020934 0.001488 1 2
57099.855024 0.000039 0.020770 0.001488 1 2
57099.855063 0.000039 0.019955 0.001533 1 2
57099.855102 0.000039 0.019164 0.001355 1 2
57099.855140 0.000039 0.020454 0.001343 1 2
57099.855179 0.000039 0.022125 0.001447 1 2
57099.855218 0.000039 0.020925 0.001438 1 2
57099.855257 0.000039 0.020738 0.001401 1 2
57099.855296 0.000039 0.019810 0.001337 1 2
57099.855335 0.000039 0.022639 0.001377 1 2
57099.855374 0.000039 0.021832 0.001388 1 2
57099.855413 0.000039 0.020041 0.001413 1 2
57099.855452 0.000039 0.020584 0.001361 1 2
57099.855491 0.000039 0.017218 0.001296 1 2
57099.855530 0.000039 0.020636 0.001445 1 2
57099.855569 0.000039 0.019937 0.001498 1 2
57099.855608 0.000039 0.018977 0.001362 1 2
57099.855647 0.000039 0.023217 0.001431 1 2
57099.855686 0.000039 0.018985 0.001310 1 2
57099.855725 0.000039 0.020184 0.001357 1 2
57099.855764 0.000039 0.019443 0.001253 1 2
57099.855803 0.000039 0.018302 0.001327 1 2
57099.855842 0.000039 0.018897 0.001451 1 2
57099.855881 0.000039 0.019231 0.001322 1 2
57099.855920 0.000039 0.018992 0.001323 1 2
57099.855959 0.000039 0.020015 0.001278 1 2
57099.855998 0.000039 0.019999 0.001376 1 2
57099.856037 0.000039 0.020538 0.001437 1 2
57099.856076 0.000039 0.020675 0.001535 1 2
57099.856115 0.000039 0.019645 0.001494 1 2
57099.856154 0.000039 0.018719 0.001670 1 2
57099.856193 0.000039 0.021475 0.001880 1 2
57099.856232 0.000039 0.020710 0.001721 1 2
57099.856271 0.000039 0.022025 0.001618 1 2
57099.856310 0.000039 0.019920 0.001547 1 2
57099.856349 0.000039 0.020126 0.001541 1 2
57099.856388 0.000039 0.016958 0.001328 1 2
57099.856427 0.000039 0.019117 0.001325 1 2
57099.856466 0.000039 0.020928 0.001365 1 2
57099.856505 0.000039 0.019696 0.001305 1 2
57099.856544 0.000039 0.018626 0.001275 1 2
57099.856582 0.000039 0.018935 0.001264 1 2
57099.856621 0.000039 0.019484 0.001294 1 2
57099.856660 0.000039 0.017985 0.001283 1 2
57099.856699 0.000039 0.020069 0.001378 1 2
57099.856738 0.000039 0.018802 0.001374 1 2
57099.856777 0.000039 0.021659 0.001502 1 2
57099.856816 0.000039 0.022358 0.001309 1 2
57099.856855 0.000039 0.015716 0.001285 1 2
57099.856894 0.000039 0.021533 0.001340 1 2
57099.856933 0.000039 0.020562 0.001280 1 2
57099.856972 0.000039 0.017874 0.001301 1 2
57099.857011 0.000039 0.022433 0.001485 1 2
57099.857050 0.000039 0.017435 0.001481 1 2
57099.857089 0.000039 0.019752 0.001361 1 2
57099.857128 0.000039 0.019755 0.001387 1 2
57099.857167 0.000039 0.017703 0.001487 1 2
57099.857206 0.000039 0.020717 0.001547 1 2
57099.857245 0.000039 0.019235 0.001484 1 2
57099.857284 0.000039 0.015923 0.001507 1 2
57099.857323 0.000039 0.019264 0.001494 1 2
57099.857362 0.000039 0.022020 0.001450 1 2
57099.857401 0.000039 0.020764 0.001456 1 2
57099.857440 0.000039 0.018966 0.001419 1 2
57099.857479 0.000039 0.019705 0.001654 1 2
57099.857518 0.000039 0.019152 0.001759 1 2
57099.857557 0.000039 0.019477 0.001654 1 2
57099.857596 0.000039 0.016214 0.001418 1 2
57099.857635 0.000039 0.020332 0.001410 1 2
57099.857674 0.000039 0.019362 0.001482 1 2
57099.857713 0.000039 0.018795 0.001362 1 2
57099.857752 0.000039 0.019997 0.001445 1 2
57099.857791 0.000039 0.020453 0.001557 1 2
57099.857830 0.000039 0.020488 0.001594 1 2
57099.857869 0.000039 0.020808 0.001647 1 2
57099.857908 0.000039 0.019631 0.001602 1 2
57099.857947 0.000039 0.019887 0.001541 1 2
57099.857986 0.000039 0.017742 0.001491 1 2
57099.858024 0.000039 0.014413 0.001491 1 2
57099.858063 0.000039 0.019932 0.001403 1 2
57099.858102 0.000039 0.020947 0.001346 1 2
57099.858141 0.000039 0.019627 0.001326 1 2
57099.858180 0.000039 0.019320 0.001447 1 2
57099.858219 0.000039 0.019104 0.001456 1 2
57099.858258 0.000039 0.017346 0.001319 1 2
57099.858297 0.000039 0.018538 0.001400 1 2
57099.858336 0.000039 0.019191 0.001431 1 2
57099.858375 0.000039 0.020200 0.001419 1 2
57099.858414 0.000039 0.019834 0.001467 1 2
57099.858453 0.000039 0.019434 0.001383 1 2
57099.858492 0.000039 0.021998 0.001356 1 2
57099.858531 0.000039 0.019291 0.001317 1 2
57099.858570 0.000039 0.019476 0.001368 1 2
57099.858609 0.000039 0.018305 0.001340 1 2
57099.858648 0.000039 0.016768 0.001276 1 2
57099.858687 0.000039 0.021430 0.001337 1 2
57099.858726 0.000039 0.019907 0.001275 1 2
57099.858765 0.000039 0.019324 0.001371 1 2
57099.858804 0.000039 0.020092 0.001429 1 2
57099.858843 0.000039 0.021444 0.001505 1 2
57099.858882 0.000039 0.020613 0.001423 1 2
57099.858921 0.000039 0.017710 0.001354 1 2
57099.858960 0.000039 0.021750 0.001522 1 2
57099.858999 0.000039 0.019584 0.001639 1 2
57099.859038 0.000039 0.019454 0.001651 1 2
57099.859077 0.000039 0.021121 0.001507 1 2
57099.859116 0.000039 0.019888 0.001513 1 2
57099.859155 0.000039 0.018724 0.001472 1 2
57099.859194 0.000039 0.022640 0.001460 1 2
57099.859233 0.000039 0.021486 0.001602 1 2
57099.859272 0.000039 0.017824 0.001537 1 2
57099.859311 0.000039 0.019307 0.001520 1 2
57099.859350 0.000039 0.019676 0.001619 1 2
57099.859389 0.000039 0.019623 0.001614 1 2
57099.859428 0.000039 0.019650 0.001620 1 2
57099.859466 0.000039 0.017072 0.001556 1 2
57099.859505 0.000039 0.018110 0.001459 1 2
57099.859544 0.000039 0.017164 0.001363 1 2
57099.859583 0.000039 0.019131 0.001360 1 2
57099.859622 0.000039 0.018522 0.001468 1 2
57099.859661 0.000039 0.020278 0.001451 1 2
57099.859700 0.000039 0.020119 0.001371 1 2
57099.859739 0.000039 0.018813 0.001376 1 2
57099.859778 0.000039 0.018996 0.001414 1 2
57099.859817 0.000039 0.019306 0.001391 1 2
57099.859856 0.000039 0.020023 0.001417 1 2
57099.859895 0.000039 0.020409 0.001418 1 2
57099.859934 0.000039 0.020589 0.001395 1 2
57099.859973 0.000039 0.020859 0.001360 1 2
57099.860012 0.000039 0.018726 0.001395 1 2
57099.860051 0.000039 0.020113 0.001424 1 2
57099.860090 0.000039 0.019972 0.001395 1 2
57099.860129 0.000039 0.019825 0.001470 1 2
57099.860168 0.000039 0.020302 0.001308 1 2
57099.860207 0.000039 0.020310 0.001391 1 2
57099.860246 0.000039 0.021236 0.001580 1 2
57099.860285 0.000039 0.020246 0.001470 1 2
57099.860324 0.000039 0.021822 0.001574 1 2
57099.860363 0.000039 0.022844 0.001597 1 2
57099.860402 0.000039 0.019918 0.001598 1 2
57099.860441 0.000039 0.019888 0.001412 1 2
57099.860480 0.000039 0.022892 0.001656 1 2
57099.860519 0.000039 0.020861 0.001431 1 2
57099.860558 0.000039 0.019581 0.001452 1 2
57099.860597 0.000039 0.020427 0.001397 1 2
57099.860636 0.000039 0.023110 0.001497 1 2
57099.860675 0.000039 0.019978 0.001403 1 2
57099.860714 0.000039 0.020956 0.001501 1 2
57099.860753 0.000039 0.021340 0.001431 1 2
57099.860792 0.000039 0.020127 0.001369 1 2
57099.860831 0.000039 0.020611 0.001387 1 2
57099.860870 0.000039 0.023140 0.001438 1 2
57099.860908 0.000039 0.021405 0.001324 1 2
57099.860947 0.000039 0.020674 0.001397 1 2
57099.860986 0.000039 0.021663 0.001353 1 2
57099.861025 0.000039 0.020375 0.001396 1 2
57099.861064 0.000039 0.020477 0.001405 1 2
57099.861103 0.000039 0.020063 0.001320 1 2
57099.861142 0.000039 0.023577 0.001308 1 2
57099.861181 0.000039 0.021191 0.001270 1 2
57099.861220 0.000039 0.019861 0.001276 1 2
57099.861259 0.000039 0.022251 0.001447 1 2
57099.861298 0.000039 0.022260 0.001379 1 2
57099.861337 0.000039 0.020094 0.001236 1 2
57099.861376 0.000039 0.020284 0.001367 1 2
57099.861415 0.000039 0.023432 0.001388 1 2
57099.861454 0.000039 0.022441 0.001329 1 2
57099.861493 0.000039 0.021466 0.001400 1 2
57099.861532 0.000039 0.020518 0.001448 1 2
57099.861571 0.000039 0.023158 0.001422 1 2
57099.861610 0.000039 0.022658 0.001432 1 2
57099.861649 0.000039 0.020252 0.001548 1 2
57099.861688 0.000039 0.023011 0.001571 1 2
57099.861727 0.000039 0.020196 0.001486 1 2
57099.861766 0.000039 0.019745 0.001594 1 2
57099.861805 0.000039 0.020253 0.001574 1 2
57099.861844 0.000039 0.023499 0.001485 1 2
57099.861883 0.000039 0.022532 0.001533 1 2
57099.861922 0.000039 0.023260 0.001538 1 2
57099.861961 0.000039 0.024889 0.001423 1 2
57099.862000 0.000039 0.018870 0.001445 1 2
57099.862039 0.000039 0.020247 0.001298 1 2
57099.862078 0.000039 0.023818 0.001429 1 2
57099.862117 0.000039 0.023510 0.001526 1 2
57099.862156 0.000039 0.020397 0.001353 1 2
57099.862195 0.000039 0.021753 0.001521 1 2
57099.862234 0.000039 0.022306 0.001700 1 2
57099.862273 0.000039 0.018760 0.001508 1 2
57099.862312 0.000039 0.023316 0.001391 1 2
57099.862350 0.000039 0.022164 0.001360 1 2
57099.862389 0.000039 0.021594 0.001418 1 2
57099.862428 0.000039 0.022166 0.001397 1 2
57099.862467 0.000039 0.024721 0.001427 1 2
57099.862506 0.000039 0.020579 0.001453 1 2
57099.862545 0.000039 0.022269 0.001341 1 2
57099.862584 0.000039 0.020558 0.001361 1 2
57099.862623 0.000039 0.022910 0.001452 1 2
57099.862662 0.000039 0.022697 0.001380 1 2
57099.862701 0.000039 0.022551 0.001431 1 2
57099.862740 0.000039 0.018751 0.001265 1 2
57099.862779 0.000039 0.019404 0.001362 1 2
57099.862818 0.000039 0.023421 0.001355 1 2
57099.862857 0.000039 0.020657 0.001387 1 2
57099.862896 0.000039 0.021896 0.001366 1 2
57099.862935 0.000039 0.021903 0.001324 1 2
57099.862974 0.000039 0.022659 0.001381 1 2
57099.863013 0.000039 0.023240 0.001388 1 2
57099.863052 0.000039 0.023362 0.001417 1 2
57099.863091 0.000039 0.021227 0.001456 1 2
57099.863130 0.000039 0.026414 0.001448 1 2
57099.863169 0.000039 0.023052 0.001478 1 2
57099.863208 0.000039 0.021508 0.001379 1 2
57099.863247 0.000039 0.021484 0.001488 1 2
57099.863286 0.000039 0.021959 0.001525 1 2
57099.863325 0.000039 0.021038 0.001479 1 2
57099.863364 0.000039 0.023067 0.001559 1 2
57099.863403 0.000039 0.025019 0.001571 1 2
57099.863442 0.000039 0.019724 0.001563 1 2
57099.863481 0.000039 0.021302 0.001679 1 2
57099.863520 0.000039 0.021909 0.001597 1 2
57099.863559 0.000039 0.025764 0.001750 1 2
57099.863598 0.000039 0.023260 0.001891 1 2
57099.863637 0.000039 0.020158 0.001617 1 2
57099.863676 0.000039 0.022398 0.001565 1 2
57099.863715 0.000039 0.022295 0.001795 1 2
57099.863754 0.000039 0.021015 0.001580 1 2
57099.863792 0.000039 0.023271 0.001680 1 2
57099.863831 0.000039 0.021531 0.001552 1 2
57099.863870 0.000039 0.025702 0.001581 1 2
57099.863909 0.000039 0.024076 0.001629 1 2
57099.863948 0.000039 0.021665 0.001699 1 2
57099.863987 0.000039 0.025669 0.001766 1 2
57099.864026 0.000039 0.022899 0.001620 1 2
57099.864065 0.000039 0.023751 0.001559 1 2
57099.864104 0.000039 0.022784 0.001585 1 2
57099.864143 0.000039 0.021634 0.001529 1 2
57099.864182 0.000039 0.022611 0.001493 1 2
57099.864221 0.000039 0.022363 0.001375 1 2
57099.864260 0.000039 0.021082 0.001451 1 2
57099.864299 0.000039 0.021005 0.001670 1 2
57099.864338 0.000039 0.024783 0.001777 1 2
57099.864377 0.000039 0.022530 0.001718 1 2
57099.864416 0.000039 0.020006 0.001791 1 2
57099.864455 0.000039 0.023438 0.001477 1 2
57099.864494 0.000039 0.022734 0.001443 1 2
57099.864533 0.000039 0.024399 0.001425 1 2
57099.864572 0.000039 0.020740 0.001434 1 2
57099.864611 0.000039 0.023477 0.001507 1 2
57099.864650 0.000039 0.023543 0.001428 1 2
57099.864689 0.000039 0.021471 0.001470 1 2
57099.864728 0.000039 0.022691 0.001437 1 2
57099.864767 0.000039 0.022350 0.001789 1 2
57099.864806 0.000039 0.020307 0.001611 1 2
57099.864845 0.000039 0.023089 0.001539 1 2
57099.864884 0.000039 0.024772 0.001503 1 2
57099.864923 0.000039 0.019864 0.001462 1 2
57099.864962 0.000039 0.022270 0.001322 1 2
57099.865001 0.000039 0.022225 0.001462 1 2
57099.865040 0.000039 0.020463 0.001446 1 2
57099.865079 0.000039 0.022227 0.001468 1 2
57099.865118 0.000039 0.023000 0.001424 1 2
57099.865157 0.000039 0.022300 0.001546 1 2
57099.865196 0.000039 0.021569 0.001503 1 2
57099.865234 0.000039 0.023451 0.001543 1 2
57099.865273 0.000039 0.023462 0.001552 1 2
57099.865312 0.000039 0.023127 0.001477 1 2
57099.865351 0.000039 0.025123 0.001501 1 2
57099.865390 0.000039 0.022523 0.001375 1 2
57099.865429 0.000039 0.021169 0.001356 1 2
57099.865468 0.000039 0.024886 0.001433 1 2
57099.865507 0.000039 0.023750 0.001399 1 2
57099.865546 0.000039 0.018890 0.001433 1 2
57099.865585 0.000039 0.022160 0.001441 1 2
57099.865624 0.000039 0.022581 0.001409 1 2
57099.865663 0.000039 0.021283 0.001407 1 2
57099.865702 0.000039 0.027433 0.001499 1 2
57099.865741 0.000039 0.021712 0.001469 1 2
57099.865780 0.000039 0.020643 0.001433 1 2
57099.865819 0.000039 0.027578 0.001508 1 2
57099.865858 0.000039 0.023863 0.001485 1 2
57099.865897 0.000039 0.023783 0.001447 1 2
57099.865936 0.000039 0.017614 0.001278 1 2
57099.865975 0.000039 0.021496 0.001439 1 2
57099.866014 0.000039 0.023422 0.001484 1 2
57099.866053 0.000039 0.023033 0.001579 1 2
57099.866092 0.000039 0.022837 0.001460 1 2
57099.866131 0.000039 0.021553 0.001565 1 2
57099.866170 0.000039 0.024310 0.001569 1 2
57099.866209 0.000039 0.021077 0.001360 1 2
57099.866248 0.000039 0.020944 0.001452 1 2
57099.866287 0.000039 0.022759 0.001517 1 2
57099.866326 0.000039 0.022046 0.001487 1 2
57099.866365 0.000039 0.022661 0.001627 1 2
57099.866404 0.000039 0.023475 0.001651 1 2
57099.866443 0.000039 0.022113 0.001718 1 2
57099.866482 0.000039 0.021887 0.001509 1 2
57099.866521 0.000039 0.022410 0.001565 1 2
57099.866560 0.000039 0.026374 0.001610 1 2
57099.866599 0.000039 0.020787 0.001662 1 2
57099.866638 0.000039 0.027724 0.001698 1 2
57099.866676 0.000039 0.021687 0.001513 1 2
57099.866715 0.000039 0.024108 0.001543 1 2
57099.866754 0.000039 0.023530 0.001585 1 2
57099.866793 0.000039 0.023531 0.001542 1 2
57099.866832 0.000039 0.021478 0.001697 1 2
57099.866871 0.000039 0.021773 0.001579 1 2
57099.866910 0.000039 0.023608 0.001599 1 2
57099.866949 0.000039 0.023856 0.001666 1 2
57099.866988 0.000039 0.025028 0.001760 1 2
57099.867027 0.000039 0.022811 0.001637 1 2
57099.867066 0.000039 0.027713 0.001461 1 2
57099.867105 0.000039 0.024798 0.001594 1 2
57099.867144 0.000039 0.023734 0.001531 1 2
57099.867183 0.000039 0.022048 0.001467 1 2
57099.867222 0.000039 0.020805 0.001493 1 2
57099.867261 0.000039 0.025237 0.001537 1 2
57099.867300 0.000039 0.022010 0.001310 1 2
57099.867339 0.000039 0.024056 0.001393 1 2
57099.867378 0.000039 0.021335 0.001306 1 2
57099.867417 0.000039 0.025379 0.001444 1 2
57099.867456 0.000039 0.023947 0.001423 1 2
57099.867495 0.000039 0.024414 0.001405 1 2
57099.867534 0.000039 0.020112 0.001308 1 2
57099.867573 0.000039 0.020187 0.001409 1 2
57099.867612 0.000039 0.022120 0.001458 1 2
57099.867651 0.000039 0.024083 0.001419 1 2
57099.867690 0.000039 0.021024 0.001353 1 2
57099.867729 0.000039 0.021473 0.001430 1 2
57099.867768 0.000039 0.022851 0.001316 1 2
57099.867807 0.000039 0.021090 0.001347 1 2
57099.867846 0.000039 0.022159 0.001335 1 2
57099.867885 0.000039 0.024611 0.001401 1 2
57099.867924 0.000039 0.023607 0.001394 1 2
57099.867963 0.000039 0.022660 0.001425 1 2
57099.868002 0.000039 0.024064 0.001402 1 2
57099.868041 0.000039 0.021686 0.001394 1 2
57099.868080 0.000039 0.024572 0.001381 1 2
57099.868118 0.000039 0.022623 0.001352 1 2
57099.868157 0.000039 0.021341 0.001382 1 2
57099.868196 0.000039 0.018574 0.001437 1 2
57099.868235 0.000039 0.022942 0.001416 1 2
57099.868274 0.000039 0.025400 0.001568 1 2
57099.868313 0.000039 0.020450 0.001463 1 2
57099.868352 0.000039 0.022406 0.001450 1 2
57099.868391 0.000039 0.022712 0.001512 1 2
57099.868430 0.000039 0.024755 0.001558 1 2
57099.868469 0.000039 0.022895 0.001395 1 2
57099.868508 0.000039 0.023685 0.001488 1 2
57099.868547 0.000039 0.022977 0.001472 1 2
57099.868586 0.000039 0.023357 0.001434 1 2
57099.868625 0.000039 0.023356 0.001478 1 2
57099.868664 0.000039 0.024583 0.001571 1 2
57099.868703 0.000039 0.024758 0.001464 1 2
57099.868742 0.000039 0.024697 0.001549 1 2
57099.868781 0.000039 0.022590 0.001355 1 2
57099.868820 0.000039 0.025167 0.001590 1 2
57099.868859 0.000039 0.020916 0.001534 1 2
57099.868898 0.000039 0.021650 0.001463 1 2
57099.868937 0.000039 0.023463 0.001456 1 2
57099.868976 0.000039 0.024078 0.001541 1 2
57099.869015 0.000039 0.025449 0.001526 1 2
57099.869054 0.000039 0.025189 0.001520 1 2
57099.869093 0.000039 0.027288 0.001444 1 2
57099.869132 0.000039 0.024534 0.001566 1 2
57099.869171 0.000039 0.023681 0.001486 1 2
57099.869210 0.000039 0.025040 0.001557 1 2
57099.869249 0.000039 0.020675 0.001445 1 2
57099.869288 0.000039 0.023460 0.001461 1 2
57099.869327 0.000039 0.023449 0.001530 1 2
57099.869366 0.000039 0.024009 0.001691 1 2
57099.869405 0.000039 0.026857 0.001730 1 2
57099.869444 0.000039 0.021971 0.001585 1 2
57099.869483 0.000039 0.024625 0.001572 1 2
57099.869522 0.000039 0.023364 0.001458 1 2
57099.869560 0.000039 0.021281 0.001474 1 2
57099.869599 0.000039 0.020838 0.001523 1 2
57099.869638 0.000039 0.021289 0.001552 1 2
57099.869677 0.000039 0.021301 0.001444 1 2
57099.869716 0.000039 0.021378 0.001430 1 2
57099.869755 0.000039 0.022261 0.001340 1 2
57099.869794 0.000039 0.021362 0.001472 1 2
57099.869833 0.000039 0.020916 0.001532 1 2
57099.869872 0.000039 0.021258 0.001573 1 2
57099.869911 0.000039 0.023323 0.001571 1 2
57099.869950 0.000039 0.018376 0.001562 1 2
57099.869989 0.000039 0.023283 0.001477 1 2
57099.870028 0.000039 0.020407 0.001655 1 2
57099.870067 0.000039 0.019629 0.001661 1 2
57099.870106 0.000039 0.020517 0.001754 1 2
57099.870145 0.000039 0.021905 0.001665 1 2
57099.870184 0.000039 0.023380 0.001595 1 2
57099.870223 0.000039 0.024025 0.001658 1 2
57099.870262 0.000039 0.019900 0.001408 1 2
57099.870301 0.000039 0.020518 0.001420 1 2
57099.870340 0.000039 0.020370 0.001453 1 2
57099.870379 0.000039 0.019543 0.001554 1 2
57099.870418 0.000039 0.018778 0.001349 1 2
57099.870457 0.000039 0.022550 0.001444 1 2
57099.870496 0.000039 0.022128 0.001422 1 2
57099.870535 0.000039 0.020839 0.001423 1 2
57099.870574 0.000039 0.020772 0.001448 1 2
57099.870613 0.000039 0.021101 0.001550 1 2
57099.870652 0.000039 0.022048 0.001423 1 2
57099.870691 0.000039 0.021583 0.001497 1 2
57099.870730 0.000039 0.021874 0.001655 1 2
57099.870769 0.000039 0.018721 0.001523 1 2
57099.870808 0.000039 0.022277 0.001562 1 2
57099.870847 0.000039 0.020416 0.001447 1 2
57099.870886 0.000039 0.018910 0.001537 1 2
57099.870925 0.000039 0.024831 0.001517 1 2
57099.870964 0.000039 0.022256 0.001520 1 2
57099.871002 0.000039 0.022746 0.001443 1 2
57099.871041 0.000039 0.022170 0.001536 1 2
57099.871080 0.000039 0.020977 0.001569 1 2
57099.871119 0.000039 0.022380 0.001475 1 2
57099.871158 0.000039 0.019814 0.001515 1 2
57099.871197 0.000039 0.021069 0.001478 1 2
57099.871236 0.000039 0.025288 0.001555 1 2
57099.871275 0.000039 0.022746 0.001506 1 2
57099.871314 0.000039 0.021455 0.001434 1 2
57099.871353 0.000039 0.024177 0.001504 1 2
57099.871392 0.000039 0.023290 0.001508 1 2
57099.871431 0.000039 0.022596 0.001482 1 2
57099.871470 0.000039 0.021326 0.001529 1 2
