57828.825327 0.000023 0.023207 0.003262 1 2
57828.825308 0.000062 0.024230 0.001975 1 2
57828.825370 0.000062 0.024199 0.001886 1 2
57828.825432 0.000062 0.024844 0.001998 1 2
57828.825494 0.000062 0.025803 0.002150 1 2
57828.825556 0.000062 0.028536 0.002056 1 2
57828.825618 0.000062 0.027567 0.001987 1 2
57828.825680 0.000062 0.026201 0.002041 1 2
57828.825743 0.000062 0.027885 0.001964 1 2
57828.825805 0.000062 0.029455 0.001904 1 2
57828.825867 0.000062 0.028530 0.002035 1 2
57828.825929 0.000062 0.025667 0.002062 1 2
57828.825991 0.000062 0.027166 0.001917 1 2
57828.826053 0.000062 0.028679 0.002132 1 2
57828.826115 0.000062 0.030479 0.002061 1 2
57828.826177 0.000062 0.025977 0.002115 1 2
57828.826240 0.000062 0.027784 0.001952 1 2
57828.826302 0.000062 0.026925 0.002111 1 2
57828.826364 0.000062 0.026939 0.001891 1 2
57828.826426 0.000062 0.027813 0.002049 1 2
57828.826488 0.000062 0.025215 0.001955 1 2
57828.826550 0.000062 0.024094 0.001978 1 2
57828.826612 0.000062 0.025402 0.002030 1 2
57828.826674 0.000062 0.025328 0.001948 1 2
57828.826737 0.000062 0.025482 0.002018 1 2
57828.826799 0.000062 0.025757 0.002034 1 2
57828.826861 0.000062 0.025470 0.001869 1 2
57828.826923 0.000062 0.027874 0.001927 1 2
57828.826985 0.000062 0.025117 0.001903 1 2
57828.827047 0.000062 0.026985 0.001921 1 2
57828.827109 0.000062 0.023840 0.001933 1 2
57828.827171 0.000062 0.024613 0.001986 1 2
57828.827233 0.000062 0.026960 0.001910 1 2
57828.827296 0.000062 0.026062 0.001976 1 2
57828.827358 0.000062 0.025450 0.001859 1 2
57828.827420 0.000062 0.024701 0.002018 1 2
57828.827482 0.000062 0.027099 0.001972 1 2
57828.827544 0.000062 0.025790 0.002230 1 2
57828.827606 0.000062 0.024918 0.001971 1 2
57828.827668 0.000062 0.027373 0.001850 1 2
57828.827730 0.000062 0.026023 0.001816 1 2
57828.827793 0.000062 0.025637 0.001849 1 2
57828.827855 0.000062 0.025964 0.001915 1 2
57828.827917 0.000062 0.024919 0.001939 1 2
57828.827979 0.000062 0.027021 0.002033 1 2
57828.828041 0.000062 0.027626 0.001958 1 2
57828.828103 0.000062 0.024193 0.001947 1 2
57828.828165 0.000062 0.025314 0.001965 1 2
57828.828227 0.000062 0.024880 0.002047 1 2
57828.828290 0.000062 0.027879 0.001928 1 2
57828.828352 0.000062 0.029166 0.001967 1 2
57828.828414 0.000062 0.026475 0.002129 1 2
57828.828476 0.000062 0.025198 0.002107 1 2
57828.828538 0.000062 0.026191 0.001927 1 2
57828.828600 0.000062 0.026004 0.001989 1 2
57828.828662 0.000062 0.030142 0.002064 1 2
57828.828724 0.000062 0.027351 0.002024 1 2
57828.828787 0.000062 0.025388 0.001976 1 2
57828.828849 0.000062 0.026531 0.002039 1 2
57828.828911 0.000062 0.027539 0.002069 1 2
57828.828973 0.000062 0.024730 0.001870 1 2
57828.829035 0.000062 0.022471 0.001992 1 2
57828.829097 0.000062 0.027252 0.002044 1 2
57828.829159 0.000062 0.025691 0.002098 1 2
57828.829221 0.000062 0.024700 0.002212 1 2
57828.829284 0.000062 0.024030 0.002134 1 2
57828.829346 0.000062 0.020847 0.002165 1 2
57828.829408 0.000062 0.026578 0.002148 1 2
57828.829470 0.000062 0.023764 0.002065 1 2
57828.829532 0.000062 0.026386 0.002104 1 2
57828.829594 0.000062 0.025042 0.001991 1 2
57828.829656 0.000062 0.024957 0.002186 1 2
57828.829718 0.000062 0.022456 0.002186 1 2
57828.829780 0.000062 0.022830 0.002174 1 2
57828.829843 0.000062 0.022932 0.002178 1 2
57828.829905 0.000062 0.021394 0.002173 1 2
57828.829967 0.000062 0.024280 0.002076 1 2
57828.830029 0.000062 0.024976 0.002379 1 2
57828.830091 0.000062 0.026655 0.002165 1 2
57828.830153 0.000062 0.025628 0.002268 1 2
57828.830215 0.000062 0.021499 0.002480 1 2
57828.830277 0.000062 0.029734 0.002545 1 2
57828.830340 0.000062 0.025307 0.002240 1 2
57828.830402 0.000062 0.019234 0.002052 1 2
57828.830464 0.000062 0.023465 0.002205 1 2
57828.830526 0.000062 0.025664 0.002043 1 2
57828.830588 0.000062 0.020914 0.002044 1 2
57828.830650 0.000062 0.021805 0.002216 1 2
57828.830712 0.000062 0.024778 0.002397 1 2
57828.830774 0.000062 0.024068 0.002062 1 2
57828.830837 0.000062 0.024992 0.002292 1 2
57828.830899 0.000062 0.023201 0.002317 1 2
57828.830961 0.000062 0.024320 0.002496 1 2
57828.831023 0.000062 0.025906 0.002629 1 2
57828.831085 0.000062 0.026487 0.002567 1 2
57828.831147 0.000062 0.024991 0.002713 1 2
57828.831209 0.000062 0.021889 0.002397 1 2
57828.831271 0.000062 0.025605 0.002353 1 2
57828.831334 0.000062 0.027326 0.002392 1 2
57828.831396 0.000062 0.031324 0.002373 1 2
57828.831458 0.000062 0.030745 0.002636 1 2
57828.831520 0.000062 0.026278 0.002420 1 2
57828.831582 0.000062 0.026644 0.002710 1 2
57828.831644 0.000062 0.023091 0.002489 1 2
57828.831706 0.000062 0.026460 0.002592 1 2
57828.831768 0.000062 0.021645 0.002646 1 2
57828.831830 0.000062 0.028120 0.002818 1 2
57828.831893 0.000062 0.025030 0.002939 1 2
57828.831955 0.000062 0.027672 0.002505 1 2
57828.832017 0.000062 0.025504 0.002280 1 2
57828.832079 0.000062 0.024157 0.002659 1 2
57828.832141 0.000062 0.031746 0.002625 1 2
57828.832203 0.000062 0.025486 0.002435 1 2
57828.832265 0.000062 0.030354 0.002975 1 2
57828.832327 0.000062 0.020411 0.002803 1 2
57828.832390 0.000062 0.025570 0.002632 1 2
57828.832452 0.000062 0.027520 0.002424 1 2
57828.832514 0.000062 0.025232 0.002312 1 2
57828.832576 0.000062 0.030511 0.002422 1 2
57828.832638 0.000062 0.031013 0.002613 1 2
57828.832700 0.000062 0.019883 0.002426 1 2
57828.832762 0.000062 0.026229 0.002602 1 2
57828.832824 0.000062 0.026309 0.002640 1 2
57828.832887 0.000062 0.030903 0.002652 1 2
57828.832949 0.000062 0.025622 0.002265 1 2
57828.833011 0.000062 0.030404 0.002420 1 2
57828.833073 0.000062 0.023529 0.002628 1 2
57828.833135 0.000062 0.026444 0.002286 1 2
57828.833197 0.000062 0.027096 0.002257 1 2
57828.833259 0.000062 0.028717 0.002292 1 2
57828.833321 0.000062 0.028234 0.002248 1 2
57828.833384 0.000062 0.024915 0.002393 1 2
57828.833446 0.000062 0.029878 0.002312 1 2
57828.833508 0.000062 0.028417 0.002186 1 2
57828.833570 0.000062 0.027540 0.002273 1 2
57828.833632 0.000062 0.028763 0.002130 1 2
57828.833694 0.000062 0.024993 0.002190 1 2
57828.833756 0.000062 0.026734 0.002063 1 2
57828.833818 0.000062 0.027785 0.002143 1 2
57828.833880 0.000062 0.026155 0.002106 1 2
57828.833943 0.000062 0.029095 0.002246 1 2
57828.834005 0.000062 0.024173 0.002153 1 2
57828.834067 0.000062 0.025373 0.002116 1 2
57828.834129 0.000062 0.028590 0.002249 1 2
57828.834191 0.000062 0.023311 0.002230 1 2
57828.834253 0.000062 0.023599 0.002193 1 2
57828.834315 0.000062 0.025676 0.002193 1 2
57828.834377 0.000062 0.027106 0.002359 1 2
57828.834440 0.000062 0.026851 0.001980 1 2
57828.834502 0.000062 0.032952 0.002294 1 2
57828.834564 0.000062 0.026046 0.002150 1 2
57828.834626 0.000062 0.028674 0.002206 1 2
57828.834688 0.000062 0.027992 0.002346 1 2
57828.834750 0.000062 0.025206 0.002166 1 2
57828.834812 0.000062 0.029697 0.002123 1 2
57828.834874 0.000062 0.027915 0.002232 1 2
57828.834937 0.000062 0.029913 0.002169 1 2
57828.834999 0.000062 0.025132 0.002235 1 2
57828.835061 0.000062 0.029063 0.002242 1 2
57828.835123 0.000062 0.025249 0.002111 1 2
57828.835185 0.000062 0.029186 0.002140 1 2
57828.835247 0.000062 0.029117 0.001935 1 2
57828.835309 0.000062 0.026336 0.002174 1 2
57828.835371 0.000062 0.023504 0.002129 1 2
57828.835434 0.000062 0.030109 0.002087 1 2
57828.835496 0.000062 0.025089 0.002109 1 2
57828.835558 0.000062 0.025936 0.002064 1 2
57828.835620 0.000062 0.026054 0.002184 1 2
57828.835682 0.000062 0.027153 0.002556 1 2
57828.835744 0.000062 0.029941 0.002494 1 2
57828.835806 0.000062 0.027786 0.002292 1 2
57828.835868 0.000062 0.028326 0.002600 1 2
57828.835931 0.000062 0.026764 0.002313 1 2
57828.835993 0.000062 0.030381 0.002402 1 2
57828.836055 0.000062 0.027201 0.002407 1 2
57828.836117 0.000062 0.029928 0.002340 1 2
57828.836179 0.000062 0.024843 0.002491 1 2
57828.836241 0.000062 0.031427 0.002183 1 2
57828.836303 0.000062 0.031583 0.002149 1 2
57828.836365 0.000062 0.029823 0.002405 1 2
57828.836427 0.000062 0.027149 0.002122 1 2
57828.836490 0.000062 0.024853 0.002172 1 2
57828.836552 0.000062 0.028667 0.002190 1 2
57828.836614 0.000062 0.028395 0.002080 1 2
57828.836676 0.000062 0.027390 0.002291 1 2
57828.836738 0.000062 0.027653 0.002083 1 2
57828.836800 0.000062 0.028161 0.002104 1 2
57828.836862 0.000062 0.028823 0.002067 1 2
57828.836924 0.000062 0.031060 0.002109 1 2
57828.836987 0.000062 0.028448 0.002271 1 2
57828.837049 0.000062 0.028069 0.002212 1 2
57828.837111 0.000062 0.028612 0.002191 1 2
57828.837173 0.000062 0.032492 0.002216 1 2
57828.837235 0.000062 0.028521 0.002140 1 2
57828.837297 0.000062 0.031146 0.002221 1 2
57828.837359 0.000062 0.031274 0.002201 1 2
57828.837421 0.000062 0.032475 0.002177 1 2
57828.837484 0.000062 0.031243 0.002025 1 2
57828.837546 0.000062 0.030497 0.002197 1 2
57828.837608 0.000062 0.032231 0.002298 1 2
57828.837670 0.000062 0.027246 0.002315 1 2
57828.837732 0.000062 0.030615 0.002406 1 2
57828.837794 0.000062 0.028601 0.002285 1 2
57828.837856 0.000062 0.028648 0.002120 1 2
57828.837918 0.000062 0.024134 0.002310 1 2
57828.837981 0.000062 0.024822 0.002353 1 2
57828.838043 0.000062 0.029307 0.002410 1 2
57828.838105 0.000062 0.026411 0.002168 1 2
57828.838167 0.000062 0.029706 0.002329 1 2
57828.838229 0.000062 0.028470 0.002365 1 2
57828.838291 0.000062 0.026896 0.002351 1 2
57828.838353 0.000062 0.027853 0.002416 1 2
57828.838415 0.000062 0.021729 0.002369 1 2
57828.838477 0.000062 0.029759 0.002227 1 2
57828.838540 0.000062 0.031691 0.002418 1 2
57828.838602 0.000062 0.023372 0.002383 1 2
57828.838664 0.000062 0.030969 0.002279 1 2
57828.838726 0.000062 0.026988 0.002451 1 2
57828.838788 0.000062 0.023493 0.002434 1 2
57828.838850 0.000062 0.027353 0.002214 1 2
57828.838912 0.000062 0.024452 0.002352 1 2
57828.838974 0.000062 0.030757 0.002370 1 2
57828.839037 0.000062 0.030463 0.002159 1 2
57828.839099 0.000062 0.034214 0.002341 1 2
57828.839161 0.000062 0.030603 0.002186 1 2
57828.839223 0.000062 0.030676 0.002423 1 2
57828.839285 0.000062 0.032346 0.002319 1 2
57828.839347 0.000062 0.029408 0.002565 1 2
57828.839409 0.000062 0.033052 0.002237 1 2
57828.839471 0.000062 0.032619 0.002397 1 2
57828.839534 0.000062 0.031925 0.002144 1 2
57828.839596 0.000062 0.031307 0.002383 1 2
57828.839658 0.000062 0.029460 0.002265 1 2
57828.839720 0.000062 0.031906 0.002435 1 2
57828.839782 0.000062 0.027887 0.002242 1 2
57828.839844 0.000062 0.027467 0.002461 1 2
57828.839906 0.000062 0.025830 0.002418 1 2
57828.839968 0.000062 0.034738 0.002364 1 2
57828.840031 0.000062 0.030293 0.002372 1 2
57828.840093 0.000062 0.032362 0.002476 1 2
57828.840155 0.000062 0.027595 0.002627 1 2
57828.840217 0.000062 0.034661 0.002449 1 2
57828.840279 0.000062 0.030607 0.002261 1 2
57828.840341 0.000062 0.030932 0.002135 1 2
57828.840403 0.000062 0.031661 0.002319 1 2
57828.840465 0.000062 0.032494 0.002394 1 2
57828.840527 0.000062 0.028533 0.002386 1 2
57828.840590 0.000062 0.033035 0.002452 1 2
57828.840652 0.000062 0.023221 0.002648 1 2
57828.840714 0.000062 0.027286 0.002691 1 2
57828.840776 0.000062 0.029721 0.002842 1 2
57828.840838 0.000062 0.030368 0.002432 1 2
57828.840900 0.000062 0.029798 0.002751 1 2
57828.840962 0.000062 0.027720 0.002517 1 2
57828.841024 0.000062 0.027522 0.002288 1 2
57828.841087 0.000062 0.032299 0.002408 1 2
57828.841149 0.000062 0.026682 0.002527 1 2
57828.841211 0.000062 0.028225 0.002366 1 2
57828.841273 0.000062 0.030772 0.002614 1 2
57828.841335 0.000062 0.029000 0.002371 1 2
57828.841397 0.000062 0.028695 0.002732 1 2
57828.841459 0.000062 0.026365 0.002510 1 2
57828.841521 0.000062 0.028752 0.002731 1 2
57828.841584 0.000062 0.019469 0.002670 1 2
57828.841646 0.000062 0.032651 0.002669 1 2
57828.841708 0.000062 0.024360 0.002585 1 2
57828.841770 0.000062 0.028007 0.002734 1 2
57828.841832 0.000062 0.028718 0.002699 1 2
57828.841894 0.000062 0.026472 0.002611 1 2
57828.841956 0.000062 0.030890 0.002393 1 2
57828.842018 0.000062 0.032207 0.002667 1 2
57828.842081 0.000062 0.032680 0.002410 1 2
57828.842143 0.000062 0.031904 0.002460 1 2
57828.842205 0.000062 0.027701 0.002395 1 2
57828.842267 0.000062 0.032471 0.002735 1 2
57828.842329 0.000062 0.029266 0.002298 1 2
57828.842391 0.000062 0.031003 0.002402 1 2
57828.842453 0.000062 0.030776 0.002299 1 2
57828.842515 0.000062 0.029716 0.002368 1 2
57828.842578 0.000062 0.025822 0.002481 1 2
57828.842640 0.000062 0.028289 0.002808 1 2
57828.842702 0.000062 0.030708 0.002622 1 2
57828.842764 0.000062 0.027942 0.002937 1 2
57828.842826 0.000062 0.027966 0.002672 1 2
57828.842888 0.000062 0.026724 0.002635 1 2
57828.842950 0.000062 0.024406 0.002436 1 2
57828.843012 0.000062 0.028804 0.002920 1 2
57828.843074 0.000062 0.021969 0.002240 1 2
57828.843137 0.000062 0.023133 0.002469 1 2
57828.843199 0.000062 0.026088 0.002448 1 2
57828.843261 0.000062 0.026075 0.002309 1 2
57828.843323 0.000062 0.026791 0.002486 1 2
57828.843385 0.000062 0.023973 0.002138 1 2
57828.843447 0.000062 0.023221 0.002474 1 2
57828.843509 0.000062 0.025786 0.002463 1 2
57828.843571 0.000062 0.025323 0.002496 1 2
57828.843634 0.000062 0.026065 0.002275 1 2
57828.843696 0.000062 0.030118 0.002480 1 2
57828.843758 0.000062 0.023515 0.002563 1 2
57828.843820 0.000062 0.025314 0.002370 1 2
57828.843882 0.000062 0.030776 0.002360 1 2
57828.843944 0.000062 0.028211 0.002400 1 2
57828.844006 0.000062 0.029797 0.002471 1 2
57828.844068 0.000062 0.024226 0.002534 1 2
57828.844131 0.000062 0.026622 0.002247 1 2
57828.844193 0.000062 0.021984 0.002528 1 2
57828.844255 0.000062 0.028061 0.002468 1 2
57828.844317 0.000062 0.029137 0.002571 1 2
57828.844379 0.000062 0.024415 0.002646 1 2
57828.844441 0.000062 0.024043 0.002289 1 2
57828.844503 0.000062 0.025093 0.002357 1 2
57828.844565 0.000062 0.022797 0.002464 1 2
57828.844628 0.000062 0.028773 0.002304 1 2
57828.844690 0.000062 0.023966 0.002277 1 2
57828.844752 0.000062 0.025825 0.002570 1 2
57828.844814 0.000062 0.024028 0.002805 1 2
57828.844876 0.000062 0.023970 0.002907 1 2
57828.844938 0.000062 0.024588 0.002517 1 2
57828.845000 0.000062 0.023032 0.002447 1 2
57828.845062 0.000062 0.022904 0.002672 1 2
57828.845124 0.000062 0.022673 0.002762 1 2
57828.845187 0.000062 0.021782 0.002465 1 2
57828.845249 0.000062 0.027727 0.002206 1 2
57828.845311 0.000062 0.025348 0.002559 1 2
57828.845373 0.000062 0.021159 0.002466 1 2
57828.845435 0.000062 0.029445 0.002439 1 2
57828.845497 0.000062 0.022829 0.002399 1 2
57828.845559 0.000062 0.021881 0.002393 1 2
57828.845621 0.000062 0.024408 0.002405 1 2
57828.845684 0.000062 0.026346 0.002352 1 2
57828.845746 0.000062 0.027376 0.002459 1 2
57828.845808 0.000062 0.029206 0.002400 1 2
57828.845870 0.000062 0.022365 0.002274 1 2
57828.845932 0.000062 0.029243 0.002403 1 2
57828.845994 0.000062 0.023679 0.002501 1 2
57828.846056 0.000062 0.026853 0.002659 1 2
57828.846118 0.000062 0.024256 0.002465 1 2
57828.846181 0.000062 0.022261 0.002264 1 2
57828.846243 0.000062 0.024064 0.002256 1 2
57828.846305 0.000062 0.021509 0.002093 1 2
57828.846367 0.000062 0.029037 0.002231 1 2
57828.846429 0.000062 0.027694 0.002289 1 2
57828.846491 0.000062 0.022463 0.002276 1 2
57828.846553 0.000062 0.023055 0.002232 1 2
57828.846615 0.000062 0.028200 0.002345 1 2
57828.846678 0.000062 0.028676 0.002391 1 2
57828.846740 0.000062 0.023214 0.002257 1 2
57828.846802 0.000062 0.027514 0.002111 1 2
57828.846864 0.000062 0.025563 0.002257 1 2
57828.846926 0.000062 0.022763 0.002273 1 2
57828.846988 0.000062 0.025534 0.002135 1 2
57828.847050 0.000062 0.027040 0.002230 1 2
57828.847112 0.000062 0.023494 0.002226 1 2
57828.847174 0.000062 0.024847 0.002156 1 2
57828.847237 0.000062 0.019716 0.002137 1 2
57828.847299 0.000062 0.024789 0.002222 1 2
57828.847361 0.000062 0.024556 0.002225 1 2
57828.847423 0.000062 0.023106 0.002174 1 2
57828.847485 0.000062 0.025334 0.002488 1 2
57828.847547 0.000062 0.027674 0.002728 1 2
57828.847609 0.000062 0.023533 0.002197 1 2
57828.847671 0.000062 0.022124 0.002428 1 2
57828.847734 0.000062 0.027643 0.002616 1 2
57828.847796 0.000062 0.023575 0.002324 1 2
57828.847858 0.000062 0.024379 0.002282 1 2
57828.847920 0.000062 0.021569 0.002364 1 2
57828.847982 0.000062 0.024183 0.002227 1 2
57828.848044 0.000062 0.024573 0.002081 1 2
57828.848106 0.000062 0.023361 0.002183 1 2
57828.848168 0.000062 0.026445 0.002259 1 2
57828.848231 0.000062 0.019448 0.002175 1 2
57828.848293 0.000062 0.028522 0.002279 1 2
57828.848355 0.000062 0.020817 0.002305 1 2
57828.848417 0.000062 0.023032 0.002418 1 2
57828.848479 0.000062 0.025897 0.002476 1 2
57828.848541 0.000062 0.022160 0.002496 1 2
57828.848603 0.000062 0.024373 0.002425 1 2
57828.848665 0.000062 0.023223 0.002233 1 2
57828.848728 0.000062 0.025812 0.002296 1 2
57828.848790 0.000062 0.020216 0.002202 1 2
57828.848852 0.000062 0.025304 0.002214 1 2
57828.848914 0.000062 0.020652 0.002226 1 2
57828.848976 0.000062 0.020345 0.002198 1 2
57828.849038 0.000062 0.024314 0.002204 1 2
57828.849100 0.000062 0.028158 0.002389 1 2
57828.849162 0.000062 0.024329 0.002242 1 2
57828.849225 0.000062 0.022127 0.002253 1 2
57828.849287 0.000062 0.023142 0.002182 1 2
57828.849349 0.000062 0.018990 0.002205 1 2
57828.849411 0.000062 0.024960 0.002365 1 2
57828.849473 0.000062 0.024217 0.002168 1 2
57828.849535 0.000062 0.023080 0.002183 1 2
57828.849597 0.000062 0.020627 0.002069 1 2
57828.849659 0.000062 0.025026 0.002252 1 2
57828.849721 0.000062 0.027426 0.002283 1 2
57828.849784 0.000062 0.025458 0.002261 1 2
57828.849846 0.000062 0.023359 0.002318 1 2
57828.849908 0.000062 0.024770 0.002452 1 2
57828.849970 0.000062 0.021013 0.002215 1 2
57828.850032 0.000062 0.022811 0.002171 1 2
57828.850094 0.000062 0.023376 0.002261 1 2
57828.850156 0.000062 0.024320 0.002351 1 2
57828.850218 0.000062 0.022837 0.002116 1 2
57828.850281 0.000062 0.029071 0.002179 1 2
57828.850343 0.000062 0.026135 0.002251 1 2
57828.850405 0.000062 0.027008 0.002198 1 2
57828.850467 0.000062 0.027142 0.002061 1 2
57828.850529 0.000062 0.022824 0.002272 1 2
57828.850591 0.000062 0.020053 0.002324 1 2
57828.850653 0.000062 0.024153 0.002174 1 2
57828.850715 0.000062 0.019474 0.002142 1 2
57828.850778 0.000062 0.027836 0.002423 1 2
57828.850840 0.000062 0.023845 0.002350 1 2
57828.850902 0.000062 0.026224 0.002330 1 2
57828.850964 0.000062 0.023426 0.002611 1 2
57828.851026 0.000062 0.025388 0.002171 1 2
57828.851088 0.000062 0.021283 0.002414 1 2
57828.851150 0.000062 0.024317 0.002256 1 2
57828.851212 0.000062 0.020706 0.002208 1 2
57828.851275 0.000062 0.023442 0.002241 1 2
57828.851337 0.000062 0.021807 0.002029 1 2
57828.851399 0.000062 0.023873 0.002096 1 2
57828.851461 0.000062 0.023175 0.002265 1 2
57828.851523 0.000062 0.020230 0.002160 1 2
57828.851585 0.000062 0.025225 0.002162 1 2
57828.851647 0.000062 0.025296 0.002152 1 2
57828.851709 0.000062 0.025404 0.002117 1 2
57828.851771 0.000062 0.027392 0.002088 1 2
57828.851834 0.000062 0.025632 0.002173 1 2
57828.851896 0.000062 0.022539 0.002184 1 2
57828.851958 0.000062 0.026232 0.002186 1 2
57828.852020 0.000062 0.021974 0.002273 1 2
57828.852082 0.000062 0.024591 0.001947 1 2
57828.852144 0.000062 0.025276 0.002147 1 2
57828.852206 0.000062 0.022228 0.002248 1 2
57828.852268 0.000062 0.025869 0.002038 1 2
57828.852331 0.000062 0.021172 0.002056 1 2
57828.852393 0.000062 0.023573 0.002037 1 2
57828.852455 0.000062 0.020775 0.002106 1 2
57828.852517 0.000062 0.024239 0.001974 1 2
57828.852579 0.000062 0.024531 0.002199 1 2
57828.852641 0.000062 0.022416 0.002301 1 2
57828.852703 0.000062 0.027091 0.002298 1 2
57828.852765 0.000062 0.023816 0.002229 1 2
57828.852828 0.000062 0.023344 0.002035 1 2
57828.852890 0.000062 0.018082 0.002260 1 2
57828.852952 0.000062 0.022470 0.002299 1 2
57828.853014 0.000062 0.019361 0.002197 1 2
57828.853076 0.000062 0.009592 0.002204 1 2
57828.853138 0.000062 0.002722 0.002074 1 2
57828.853200 0.000062 0.006356 0.002168 1 2
57828.853262 0.000062 0.001308 0.002031 1 2
57828.853325 0.000062 -0.000688 -0.002306 1 2
57828.853387 0.000062 0.002214 0.002234 1 2
57828.853449 0.000062 -0.000216 -0.002490 1 2
57828.853511 0.000062 -0.000185 -0.002243 1 2
57828.853573 0.000062 0.007738 0.002347 1 2
57828.853635 0.000062 0.001797 0.002298 1 2
57828.853697 0.000062 0.000772 0.002265 1 2
57828.853759 0.000062 0.002627 0.002353 1 2
57828.853821 0.000062 0.000636 0.002317 1 2
57828.853884 0.000062 0.001179 0.002605 1 2
57828.853946 0.000062 0.000433 0.002392 1 2
57828.854008 0.000062 0.001185 0.002075 1 2
57828.854070 0.000062 0.003015 0.002204 1 2
57828.854132 0.000062 0.004841 0.002291 1 2
57828.854194 0.000062 0.000159 0.002449 1 2
57828.854256 0.000062 0.001549 0.002402 1 2
57828.854318 0.000062 0.005574 0.002381 1 2
57828.854381 0.000062 -0.003360 -0.002147 1 2
57828.854443 0.000062 -0.001417 -0.002425 1 2
57828.854505 0.000062 0.007144 0.002176 1 2
57828.854567 0.000062 -0.000746 -0.002282 1 2
57828.854629 0.000062 -0.003740 -0.002245 1 2
57828.854691 0.000062 0.001691 0.002134 1 2
57828.854753 0.000062 0.003778 0.002054 1 2
57828.854815 0.000062 0.005236 0.002205 1 2
57828.854878 0.000062 0.001335 0.002124 1 2
57828.854940 0.000062 0.000036 0.002203 1 2
57828.855002 0.000062 0.002962 0.002002 1 2
57828.855064 0.000062 -0.004999 -0.002200 1 2
57828.855126 0.000062 0.000137 0.002420 1 2
57828.855188 0.000062 -0.000597 -0.002219 1 2
57828.855250 0.000062 0.004718 0.002185 1 2
57828.855312 0.000062 0.001800 0.002426 1 2
57828.855375 0.000062 0.005680 0.002180 1 2
57828.855437 0.000062 0.005147 0.002780 1 2
57828.855499 0.000062 0.006736 0.002202 1 2
57828.855561 0.000062 0.011841 0.002380 1 2
57828.855623 0.000062 0.015007 0.002378 1 2
57828.855685 0.000062 0.014383 0.002533 1 2
57828.855747 0.000062 0.021430 0.002622 1 2
57828.855809 0.000062 0.023461 0.002422 1 2
57828.855872 0.000062 0.020321 0.002546 1 2
57828.855934 0.000062 0.022631 0.002595 1 2
57828.855996 0.000062 0.020394 0.002320 1 2
57828.856058 0.000062 0.019419 0.002327 1 2
57828.856120 0.000062 0.022886 0.002191 1 2
57828.856182 0.000062 0.027746 0.002297 1 2
57828.856244 0.000062 0.023009 0.002323 1 2
57828.856306 0.000062 0.021735 0.002364 1 2
57828.856368 0.000062 0.023270 0.002215 1 2
57828.856431 0.000062 0.021624 0.002255 1 2
57828.856493 0.000062 0.021798 0.002553 1 2
57828.856555 0.000062 0.028312 0.002431 1 2
57828.856617 0.000062 0.027563 0.002625 1 2
57828.856679 0.000062 0.027499 0.002539 1 2
57828.856741 0.000062 0.022870 0.002443 1 2
57828.856803 0.000062 0.029297 0.002280 1 2
57828.856865 0.000062 0.023892 0.002261 1 2
57828.856928 0.000062 0.024756 0.002524 1 2
57828.856990 0.000062 0.020916 0.002347 1 2
57828.857052 0.000062 0.022729 0.002454 1 2
57828.857114 0.000062 0.018339 0.002266 1 2
57828.857176 0.000062 0.025179 0.002390 1 2
57828.857238 0.000062 0.022377 0.002231 1 2
57828.857300 0.000062 0.026668 0.002201 1 2
57828.857362 0.000062 0.021595 0.002219 1 2
57828.857425 0.000062 0.020668 0.002255 1 2
57828.857487 0.000062 0.020919 0.002385 1 2
57828.857549 0.000062 0.024278 0.002105 1 2
57828.857611 0.000062 0.027678 0.002341 1 2
57828.857673 0.000062 0.020861 0.002393 1 2
57828.857735 0.000062 0.024314 0.002490 1 2
57828.857797 0.000062 0.024983 0.002191 1 2
57828.857859 0.000062 0.025543 0.002431 1 2
57828.857922 0.000062 0.020211 0.002548 1 2
57828.857984 0.000062 0.023495 0.002394 1 2
57828.858046 0.000062 0.023409 0.002418 1 2
57828.858108 0.000062 0.020810 0.002381 1 2
57828.858170 0.000062 0.020395 0.002375 1 2
57828.858232 0.000062 0.022533 0.002534 1 2
57828.858294 0.000062 0.024172 0.002288 1 2
57828.858356 0.000062 0.029504 0.002260 1 2
57828.858418 0.000062 0.024611 0.002185 1 2
57828.858481 0.000062 0.024170 0.002104 1 2
57828.858543 0.000062 0.028826 0.002153 1 2
57828.858605 0.000062 0.024431 0.002344 1 2
57828.858667 0.000062 0.026846 0.002647 1 2
57828.858729 0.000062 0.028080 0.002596 1 2
57828.858791 0.000062 0.026400 0.002492 1 2
57828.858853 0.000062 0.024515 0.002443 1 2
57828.858915 0.000062 0.028704 0.002367 1 2
57828.858978 0.000062 0.020455 0.002261 1 2
57828.859040 0.000062 0.028708 0.002231 1 2
57828.859102 0.000062 0.025095 0.002452 1 2
57828.859164 0.000062 0.023772 0.002909 1 2
57828.859226 0.000062 0.020600 0.002707 1 2
57828.859288 0.000062 0.021606 0.002560 1 2
57828.859350 0.000062 0.030039 0.002724 1 2
57828.859412 0.000062 0.026172 0.002722 1 2
57828.859475 0.000062 0.023986 0.002829 1 2
57828.859537 0.000062 0.018212 0.002451 1 2
57828.859599 0.000062 0.022899 0.002291 1 2
57828.859661 0.000062 0.022265 0.002523 1 2
57828.859723 0.000062 0.021456 0.002523 1 2
57828.859785 0.000062 0.022281 0.002520 1 2
57828.859847 0.000062 0.023344 0.002621 1 2
57828.859909 0.000062 0.018431 0.002433 1 2
57828.859972 0.000062 0.022340 0.002349 1 2
57828.860034 0.000062 0.017889 0.002415 1 2
57828.860096 0.000062 0.017324 0.002596 1 2
57828.860158 0.000062 0.026366 0.002502 1 2
57828.860220 0.000062 0.023941 0.002514 1 2
57828.860282 0.000062 0.023239 0.002412 1 2
57828.860344 0.000062 0.024906 0.002552 1 2
57828.860406 0.000062 0.023514 0.002535 1 2
57828.860468 0.000062 0.020744 0.002618 1 2
57828.860531 0.000062 0.030925 0.002379 1 2
57828.860593 0.000062 0.025549 0.002537 1 2
57828.860655 0.000062 0.027287 0.002736 1 2
57828.860717 0.000062 0.028487 0.002678 1 2
57828.860779 0.000062 0.019568 0.002616 1 2
57828.860841 0.000062 0.024090 0.002141 1 2
57828.860903 0.000062 0.021913 0.002265 1 2
57828.860965 0.000062 0.023502 0.002309 1 2
57828.861028 0.000062 0.025831 0.002141 1 2
57828.861090 0.000062 0.023972 0.002190 1 2
57828.861152 0.000062 0.025134 0.002254 1 2
57828.861214 0.000062 0.027788 0.002316 1 2
57828.861276 0.000062 0.018896 0.002187 1 2
57828.861338 0.000062 0.023911 0.002289 1 2
57828.861400 0.000062 0.021490 0.002221 1 2
57828.861462 0.000062 0.020002 0.002471 1 2
57828.861525 0.000062 0.022051 0.002633 1 2
57828.861587 0.000062 0.025616 0.002590 1 2
57828.861649 0.000062 0.021463 0.002538 1 2
57828.861711 0.000062 0.025162 0.002703 1 2
57828.861773 0.000062 0.026566 0.002544 1 2
57828.861835 0.000062 0.025704 0.002562 1 2
57828.861897 0.000062 0.018881 0.002321 1 2
57828.861959 0.000062 0.021845 0.002394 1 2
57828.862022 0.000062 0.017196 0.002396 1 2
57828.862084 0.000062 0.017676 0.002486 1 2
57828.862146 0.000062 0.024019 0.002611 1 2
57828.862208 0.000062 0.022322 0.002226 1 2
57828.862270 0.000062 0.022510 0.002379 1 2
57828.862332 0.000062 0.021711 0.002757 1 2
57828.862394 0.000062 0.023954 0.002920 1 2
57828.862456 0.000062 0.016211 0.002594 1 2
57828.862518 0.000062 0.021022 0.002244 1 2
57828.862581 0.000062 0.023344 0.002366 1 2
57828.862643 0.000062 0.021965 0.002434 1 2
57828.862705 0.000062 0.021601 0.002603 1 2
57828.862767 0.000062 0.022223 0.002497 1 2
57828.862829 0.000062 0.020511 0.002439 1 2
57828.862891 0.000062 0.022106 0.002367 1 2
57828.862953 0.000062 0.024212 0.002254 1 2
57828.863015 0.000062 0.024688 0.002616 1 2
57828.863078 0.000062 0.018913 0.002733 1 2
57828.863140 0.000062 0.022901 0.002458 1 2
57828.863202 0.000062 0.024334 0.002419 1 2
57828.863264 0.000062 0.023118 0.002089 1 2
57828.863326 0.000062 0.023655 0.002400 1 2
57828.863388 0.000062 0.026006 0.002694 1 2
57828.863450 0.000062 0.020672 0.002413 1 2
57828.863512 0.000062 0.019378 0.002440 1 2
57828.863575 0.000062 0.019825 0.002540 1 2
57828.863637 0.000062 0.019207 0.002398 1 2
57828.863699 0.000062 0.026297 0.002475 1 2
57828.863761 0.000062 0.023529 0.002421 1 2
57828.863823 0.000062 0.024288 0.002601 1 2
57828.863885 0.000062 0.021378 0.002385 1 2
57828.863947 0.000062 0.017008 0.002357 1 2
57828.864009 0.000062 0.019680 0.002386 1 2
57828.864072 0.000062 0.024432 0.002599 1 2
57828.864134 0.000062 0.023133 0.002489 1 2
57828.864196 0.000062 0.021767 0.002577 1 2
57828.864258 0.000062 0.016849 0.002332 1 2
57828.864320 0.000062 0.018557 0.002738 1 2
57828.864382 0.000062 0.024293 0.002374 1 2
57828.864444 0.000062 0.019966 0.002514 1 2
57828.864506 0.000062 0.021600 0.002515 1 2
57828.864569 0.000062 0.020396 0.002597 1 2
57828.864631 0.000062 0.023877 0.002746 1 2
57828.864693 0.000062 0.026241 0.002629 1 2
57828.864755 0.000062 0.021789 0.002800 1 2
57828.864817 0.000062 0.023374 0.002785 1 2
57828.864879 0.000062 0.019925 0.002746 1 2
57828.864941 0.000062 0.023381 0.002743 1 2
57828.865003 0.000062 0.022226 0.002647 1 2
57828.865065 0.000062 0.023623 0.002844 1 2
57828.865128 0.000062 0.022827 0.002856 1 2
57828.865190 0.000062 0.017588 0.002667 1 2
57828.865252 0.000062 0.019789 0.002729 1 2
57828.865314 0.000062 0.020705 0.003011 1 2
57828.865376 0.000062 0.020676 0.002910 1 2
57828.865438 0.000062 0.016103 0.002873 1 2
57828.865500 0.000062 0.020045 0.002849 1 2
57828.865562 0.000062 0.018249 0.002796 1 2
57828.865625 0.000062 0.019420 0.002790 1 2
57828.865687 0.000062 0.020713 0.002794 1 2
57828.865749 0.000062 0.017597 0.002844 1 2
57828.865811 0.000062 0.018017 0.002963 1 2
57828.865873 0.000062 0.018276 0.002718 1 2
57828.865935 0.000062 0.020253 0.002450 1 2
57828.865997 0.000062 0.019382 0.002780 1 2
57828.866059 0.000062 0.019152 0.002707 1 2
57828.866122 0.000062 0.017309 0.002471 1 2
57828.866184 0.000062 0.022278 0.002550 1 2
57828.866246 0.000062 0.013799 0.002594 1 2
57828.866308 0.000062 0.013208 0.002454 1 2
57828.866370 0.000062 0.014910 0.002508 1 2
57828.866432 0.000062 0.023619 0.002540 1 2
57828.866494 0.000062 0.021243 0.002667 1 2
57828.866556 0.000062 0.020904 0.002643 1 2
57828.866619 0.000062 0.020899 0.002450 1 2
57828.866681 0.000062 0.022095 0.002823 1 2
57828.866743 0.000062 0.016947 0.002902 1 2
57828.866805 0.000062 0.021421 0.002634 1 2
57828.866867 0.000062 0.014434 0.002492 1 2
57828.866929 0.000062 0.019510 0.002756 1 2
57828.866991 0.000062 0.014914 0.002714 1 2
57828.867053 0.000062 0.021519 0.002520 1 2
57828.867115 0.000062 0.012569 0.002783 1 2
57828.867178 0.000062 0.022736 0.002790 1 2
57828.867240 0.000062 0.015339 0.002621 1 2
57828.867302 0.000062 0.019431 0.002282 1 2
57828.867364 0.000062 0.017047 0.002464 1 2
57828.867426 0.000062 0.019685 0.002601 1 2
57828.867488 0.000062 0.018199 0.002699 1 2
57828.867550 0.000062 0.015171 0.002721 1 2
57828.867612 0.000062 0.015433 0.002668 1 2
57828.867675 0.000062 0.020647 0.002543 1 2
57828.867737 0.000062 0.010997 0.003078 1 2
57828.867799 0.000062 0.016851 0.002901 1 2
57828.867861 0.000062 0.016049 0.002799 1 2
57828.867923 0.000062 0.019616 0.002674 1 2
57828.867985 0.000062 0.019405 0.002810 1 2
57828.868047 0.000062 0.020326 0.002711 1 2
57828.868109 0.000062 0.020600 0.002452 1 2
57828.868172 0.000062 0.021983 0.002586 1 2
57828.868234 0.000062 0.018868 0.002633 1 2
57828.868296 0.000062 0.015001 0.002560 1 2
57828.868358 0.000062 0.024533 0.003602 1 2
57828.868420 0.000062 0.017206 0.003672 1 2
57828.868482 0.000062 0.023565 0.003442 1 2
57828.868544 0.000062 0.018833 0.002894 1 2
57828.868606 0.000062 0.015393 0.002810 1 2
57828.868669 0.000062 0.015749 0.002508 1 2
57828.868731 0.000062 0.018837 0.002688 1 2
57828.868793 0.000062 0.021132 0.002641 1 2
57828.868855 0.000062 0.019506 0.002663 1 2
57828.868917 0.000062 0.016165 0.002526 1 2
57828.868979 0.000062 0.021741 0.002710 1 2
57828.869041 0.000062 0.023067 0.002878 1 2
57828.869103 0.000062 0.015448 0.002713 1 2
57828.869165 0.000062 0.021428 0.003284 1 2
57828.869228 0.000062 0.015478 0.003641 1 2
57828.869290 0.000062 0.021938 0.003487 1 2
57828.869352 0.000062 0.020280 0.003479 1 2
57828.869414 0.000062 0.014333 0.003558 1 2
57828.869476 0.000062 0.020488 0.003486 1 2
57828.869538 0.000062 0.022437 0.003469 1 2
57828.869600 0.000062 0.020483 0.003115 1 2
57828.869662 0.000062 0.014756 0.002976 1 2
57828.869725 0.000062 0.019310 0.002879 1 2
57828.869787 0.000062 0.016330 0.002904 1 2
57828.869849 0.000062 0.017891 0.003143 1 2
57828.869911 0.000062 0.017095 0.002825 1 2
57828.869973 0.000062 0.020655 0.003230 1 2
57828.870035 0.000062 0.024341 0.002721 1 2
57828.870097 0.000062 0.026274 0.003027 1 2
57828.870159 0.000062 0.021886 0.002895 1 2
57828.870222 0.000062 0.017921 0.003038 1 2
57828.870284 0.000062 0.021607 0.002739 1 2
57828.870346 0.000062 0.019145 0.002674 1 2
57828.870408 0.000062 0.020345 0.002979 1 2
57828.870470 0.000062 0.024770 0.002825 1 2
57828.870532 0.000062 0.018579 0.003418 1 2
57828.870594 0.000062 0.015027 0.003085 1 2
57828.870656 0.000062 0.025658 0.003414 1 2
57828.870719 0.000062 0.024696 0.003098 1 2
57828.870781 0.000062 0.013489 0.002575 1 2
57828.870843 0.000062 0.020762 0.002670 1 2
57828.870905 0.000062 0.022745 0.002785 1 2
57828.870967 0.000062 0.019129 0.002779 1 2
57828.871029 0.000062 0.018764 0.003172 1 2
57828.871091 0.000062 0.024051 0.002868 1 2
57828.871153 0.000062 0.017489 0.002818 1 2
57828.871216 0.000062 0.013171 0.002760 1 2
57828.871278 0.000062 0.012957 0.002834 1 2
57828.871340 0.000062 0.017184 0.003309 1 2
57828.871402 0.000062 0.016529 0.003164 1 2
57828.871464 0.000062 0.017863 0.002922 1 2
57828.871526 0.000062 0.016879 0.003018 1 2
57828.871588 0.000062 0.017129 0.003068 1 2
57828.871650 0.000062 0.019069 0.003124 1 2
57828.871712 0.000062 0.016963 0.002866 1 2
57828.871775 0.000062 0.022443 0.002606 1 2
57828.871837 0.000062 0.018123 0.002802 1 2
57828.871899 0.000062 0.016151 0.003073 1 2
57828.871961 0.000062 0.020522 0.003049 1 2
57828.872023 0.000062 0.021388 0.002875 1 2
57828.872085 0.000062 0.021369 0.002948 1 2
57828.872147 0.000062 0.017740 0.003256 1 2
57828.872209 0.000062 0.016148 0.003274 1 2
